-19.50000, 11.00000, 2.00000, 90.000, 0.000, -90.000, 1.00000, -0.00000, 0.00000
-19.49678, 11.00007, 2.00009, 90.012, 0.002, -89.962, 1.00000, 0.00067, 0.00020
-19.48684, 11.00028, 2.00034, 90.040, 0.018, -89.854, 1.00000, 0.00254, 0.00070
-19.47352, 11.00057, 2.00063, 90.062, 0.061, -89.731, 0.99999, 0.00470, 0.00108
-19.46057, 11.00084, 2.00085, 90.053, 0.132, -89.639, 0.99998, 0.00630, 0.00093
-19.44530, 11.00116, 2.00102, 89.966, 0.253, -89.558, 0.99997, 0.00772, -0.00059
-19.42879, 11.00150, 2.00122, 89.854, 0.398, -89.477, 0.99995, 0.00914, -0.00255
-19.41390, 11.00180, 2.00149, 89.808, 0.514, -89.388, 0.99994, 0.01071, -0.00335
-19.40098, 11.00205, 2.00185, 89.825, 0.612, -89.289, 0.99992, 0.01244, -0.00305
-19.38928, 11.00226, 2.00228, 89.873, 0.699, -89.182, 0.99990, 0.01430, -0.00222
-19.37785, 11.00248, 2.00273, 89.926, 0.745, -89.076, 0.99987, 0.01615, -0.00129
-19.36605, 11.00273, 2.00313, 89.966, 0.749, -88.977, 0.99984, 0.01786, -0.00060
-19.35518, 11.00300, 2.00350, 90.009, 0.737, -88.884, 0.99981, 0.01947, 0.00016
-19.34355, 11.00329, 2.00387, 90.045, 0.722, -88.794, 0.99978, 0.02104, 0.00078
-19.32920, 11.00360, 2.00428, 90.057, 0.716, -88.701, 0.99974, 0.02266, 0.00099
-19.31147, 11.00393, 2.00476, 90.003, 0.733, -88.601, 0.99970, 0.02441, 0.00005
-19.29071, 11.00429, 2.00529, 89.860, 0.776, -88.498, 0.99965, 0.02625, -0.00245
-19.27037, 11.00464, 2.00580, 89.714, 0.816, -88.402, 0.99960, 0.02795, -0.00499
-19.25288, 11.00495, 2.00624, 89.630, 0.832, -88.323, 0.99955, 0.02935, -0.00646
-19.23741, 11.00525, 2.00663, 89.570, 0.839, -88.264, 0.99951, 0.03040, -0.00751
-19.22302, 11.00552, 2.00699, 89.537, 0.841, -88.211, 0.99948, 0.03134, -0.00808
-19.20810, 11.00580, 2.00737, 89.529, 0.845, -88.139, 0.99943, 0.03259, -0.00822
-19.19335, 11.00607, 2.00778, 89.540, 0.853, -88.048, 0.99938, 0.03418, -0.00803
-19.17894, 11.00634, 2.00821, 89.567, 0.862, -87.943, 0.99932, 0.03601, -0.00756
-19.16232, 11.00663, 2.00862, 89.588, 0.868, -87.831, 0.99925, 0.03795, -0.00720
-19.14236, 11.00698, 2.00901, 89.590, 0.863, -87.723, 0.99918, 0.03984, -0.00715
-19.11844, 11.00739, 2.00937, 89.589, 0.817, -87.617, 0.99911, 0.04168, -0.00717
-19.09282, 11.00782, 2.00971, 89.584, 0.747, -87.506, 0.99902, 0.04362, -0.00726
-19.06950, 11.00820, 2.01006, 89.574, 0.696, -87.382, 0.99892, 0.04577, -0.00743
-19.04907, 11.00851, 2.01041, 89.550, 0.665, -87.250, 0.99881, 0.04807, -0.00785
-19.03048, 11.00877, 2.01074, 89.505, 0.644, -87.108, 0.99868, 0.05055, -0.00864
-19.01200, 11.00904, 2.01111, 89.455, 0.636, -86.952, 0.99853, 0.05328, -0.00951
-18.99258, 11.00937, 2.01152, 89.416, 0.637, -86.786, 0.99837, 0.05618, -0.01019
-18.97378, 11.00971, 2.01199, 89.390, 0.658, -86.608, 0.99818, 0.05928, -0.01065
-18.95385, 11.01009, 2.01248, 89.358, 0.689, -86.418, 0.99798, 0.06261, -0.01120
-18.93090, 11.01050, 2.01295, 89.305, 0.714, -86.220, 0.99774, 0.06607, -0.01213
-18.90398, 11.01094, 2.01339, 89.208, 0.732, -86.013, 0.99747, 0.06970, -0.01383
-18.87346, 11.01142, 2.01382, 89.076, 0.748, -85.794, 0.99716, 0.07355, -0.01612
-18.84398, 11.01194, 2.01426, 88.986, 0.757, -85.582, 0.99685, 0.07726, -0.01769
-18.81854, 11.01247, 2.01474, 88.969, 0.758, -85.385, 0.99658, 0.08069, -0.01799
-18.79618, 11.01302, 2.01526, 88.965, 0.753, -85.188, 0.99629, 0.08411, -0.01806
-18.77562, 11.01360, 2.01580, 88.963, 0.731, -85.010, 0.99603, 0.08719, -0.01809
-18.75450, 11.01420, 2.01634, 88.963, 0.688, -84.869, 0.99581, 0.08963, -0.01809
-18.73354, 11.01477, 2.01689, 89.002, 0.617, -84.761, 0.99565, 0.09148, -0.01742
-18.71314, 11.01534, 2.01743, 89.095, 0.513, -84.688, 0.99557, 0.09270, -0.01579
-18.69031, 11.01601, 2.01800, 89.168, 0.406, -84.638, 0.99551, 0.09353, -0.01453
-18.66359, 11.01683, 2.01859, 89.172, 0.317, -84.593, 0.99544, 0.09430, -0.01445
-18.63208, 11.01784, 2.01921, 89.128, 0.234, -84.571, 0.99539, 0.09466, -0.01522
-18.59886, 11.01892, 2.01984, 89.062, 0.158, -84.557, 0.99535, 0.09489, -0.01638
-18.56900, 11.01990, 2.02043, 89.013, 0.092, -84.522, 0.99528, 0.09548, -0.01722
-18.54301, 11.02075, 2.02098, 88.983, 0.035, -84.466, 0.99518, 0.09643, -0.01775
-18.51971, 11.02153, 2.02149, 88.961, -0.011, -84.394, 0.99505, 0.09766, -0.01813
-18.49727, 11.02229, 2.02201, 88.952, -0.050, -84.312, 0.99491, 0.09909, -0.01829
-18.47421, 11.02311, 2.02256, 88.956, -0.085, -84.220, 0.99475, 0.10066, -0.01822
-18.45237, 11.02390, 2.02313, 88.999, -0.110, -84.091, 0.99454, 0.10290, -0.01748
-18.42994, 11.02474, 2.02373, 89.065, -0.132, -83.975, 0.99435, 0.10492, -0.01632
-18.40450, 11.02570, 2.02433, 89.118, -0.164, -83.932, 0.99428, 0.10565, -0.01540
-18.37506, 11.02681, 2.02494, 89.159, -0.205, -83.942, 0.99431, 0.10547, -0.01468
-18.34218, 11.02806, 2.02556, 89.197, -0.255, -83.966, 0.99437, 0.10505, -0.01401
-18.31037, 11.02926, 2.02617, 89.218, -0.309, -83.984, 0.99441, 0.10472, -0.01365
-18.28253, 11.03030, 2.02676, 89.214, -0.366, -83.987, 0.99441, 0.10466, -0.01372
-18.25769, 11.03121, 2.02732, 89.166, -0.427, -83.985, 0.99440, 0.10466, -0.01455
-18.23470, 11.03204, 2.02787, 89.104, -0.491, -83.980, 0.99438, 0.10473, -0.01564
-18.21130, 11.03290, 2.02842, 89.079, -0.553, -83.970, 0.99435, 0.10488, -0.01608
-18.18816, 11.03378, 2.02898, 89.108, -0.613, -83.948, 0.99432, 0.10525, -0.01556
-18.16569, 11.03467, 2.02954, 89.180, -0.673, -83.905, 0.99426, 0.10600, -0.01431
-18.14098, 11.03560, 2.03009, 89.236, -0.730, -83.843, 0.99416, 0.10707, -0.01334
-18.11255, 11.03663, 2.03063, 89.242, -0.783, -83.774, 0.99403, 0.10826, -0.01323
-18.07948, 11.03777, 2.03115, 89.230, -0.836, -83.684, 0.99386, 0.10981, -0.01343
-18.04492, 11.03895, 2.03165, 89.207, -0.883, -83.586, 0.99367, 0.11149, -0.01383
-18.01390, 11.04000, 2.03211, 89.180, -0.918, -83.507, 0.99351, 0.11285, -0.01431
-17.98693, 11.04091, 2.03252, 89.142, -0.944, -83.447, 0.99338, 0.11386, -0.01497
-17.96288, 11.04171, 2.03290, 89.093, -0.959, -83.403, 0.99328, 0.11461, -0.01583
-17.93975, 11.04249, 2.03326, 89.060, -0.964, -83.363, 0.99320, 0.11528, -0.01640
-17.91594, 11.04332, 2.03364, 89.059, -0.962, -83.319, 0.99311, 0.11605, -0.01643
-17.89348, 11.04414, 2.03403, 89.076, -0.937, -83.275, 0.99302, 0.11683, -0.01612
-17.87033, 11.04498, 2.03442, 89.099, -0.890, -83.232, 0.99294, 0.11759, -0.01573
-17.84380, 11.04590, 2.03480, 89.108, -0.837, -83.193, 0.99286, 0.11829, -0.01557
-17.81272, 11.04694, 2.03515, 89.104, -0.772, -83.164, 0.99279, 0.11881, -0.01564
-17.77774, 11.04809, 2.03549, 89.092, -0.692, -83.143, 0.99274, 0.11920, -0.01585
-17.74406, 11.04915, 2.03585, 89.076, -0.626, -83.105, 0.99266, 0.11986, -0.01613
-17.71498, 11.05001, 2.03624, 89.061, -0.591, -83.040, 0.99252, 0.12100, -0.01639
-17.68936, 11.05071, 2.03665, 89.039, -0.581, -82.951, 0.99232, 0.12254, -0.01676
-17.66595, 11.05130, 2.03710, 89.020, -0.579, -82.842, 0.99208, 0.12441, -0.01711
-17.64220, 11.05190, 2.03759, 89.013, -0.558, -82.730, 0.99183, 0.12636, -0.01723
-17.61876, 11.05252, 2.03811, 89.019, -0.507, -82.614, 0.99158, 0.12839, -0.01712
-17.59616, 11.05311, 2.03867, 89.034, -0.433, -82.489, 0.99129, 0.13058, -0.01685
-17.57130, 11.05370, 2.03930, 89.046, -0.363, -82.365, 0.99101, 0.13274, -0.01665
-17.54262, 11.05431, 2.03998, 89.036, -0.318, -82.250, 0.99074, 0.13473, -0.01683
-17.50935, 11.05494, 2.04073, 88.938, -0.289, -82.142, 0.99045, 0.13660, -0.01853
-17.47443, 11.05555, 2.04155, 88.786, -0.273, -82.038, 0.99015, 0.13839, -0.02118
-17.44270, 11.05610, 2.04238, 88.665, -0.260, -81.933, 0.98985, 0.14018, -0.02331
-17.41463, 11.05658, 2.04323, 88.578, -0.249, -81.823, 0.98954, 0.14208, -0.02481
-17.38909, 11.05700, 2.04413, 88.504, -0.243, -81.710, 0.98923, 0.14402, -0.02610
-17.36438, 11.05740, 2.04500, 88.446, -0.242, -81.609, 0.98895, 0.14576, -0.02712
-17.33916, 11.05780, 2.04583, 88.402, -0.248, -81.524, 0.98871, 0.14722, -0.02789
-17.31541, 11.05818, 2.04658, 88.382, -0.295, -81.451, 0.98852, 0.14846, -0.02824
-17.29091, 11.05856, 2.04733, 88.369, -0.355, -81.392, 0.98836, 0.14943, -0.02846
-17.26280, 11.05900, 2.04817, 88.336, -0.380, -81.346, 0.98823, 0.15021, -0.02903
-17.22990, 11.05953, 2.04910, 88.280, -0.375, -81.315, 0.98812, 0.15074, -0.03002
-17.19287, 11.06015, 2.05011, 88.205, -0.356, -81.301, 0.98804, 0.15097, -0.03132
-17.15708, 11.06069, 2.05113, 88.128, -0.327, -81.284, 0.98795, 0.15127, -0.03266
-17.12601, 11.06107, 2.05209, 88.061, -0.290, -81.250, 0.98782, 0.15187, -0.03384
-17.09857, 11.06131, 2.05306, 88.001, -0.237, -81.203, 0.98766, 0.15270, -0.03488
-17.07325, 11.06148, 2.05399, 87.940, -0.181, -81.149, 0.98747, 0.15365, -0.03595
-17.04720, 11.06170, 2.05486, 87.869, -0.146, -81.100, 0.98729, 0.15452, -0.03719
-17.02114, 11.06200, 2.05563, 87.785, -0.127, -81.059, 0.98712, 0.15521, -0.03865
-16.99560, 11.06234, 2.05631, 87.691, -0.117, -81.023, 0.98696, 0.15582, -0.04030
-16.96749, 11.06266, 2.05706, 87.597, -0.115, -80.979, 0.98677, 0.15658, -0.04192
-16.93532, 11.06292, 2.05799, 87.514, -0.114, -80.917, 0.98654, 0.15764, -0.04337
-16.89792, 11.06314, 2.05911, 87.440, -0.114, -80.833, 0.98626, 0.15906, -0.04466
-16.85887, 11.06332, 2.06029, 87.368, -0.114, -80.744, 0.98595, 0.16058, -0.04593
-16.82390, 11.06350, 2.06135, 87.287, -0.114, -80.674, 0.98569, 0.16177, -0.04734
-16.79358, 11.06369, 2.06226, 87.194, -0.098, -80.625, 0.98547, 0.16262, -0.04896
-16.76663, 11.06387, 2.06305, 87.092, -0.053, -80.592, 0.98529, 0.16321, -0.05074
-16.74072, 11.06403, 2.06386, 86.993, -0.000, -80.565, 0.98511, 0.16370, -0.05246
-16.71397, 11.06416, 2.06475, 86.906, 0.040, -80.536, 0.98495, 0.16422, -0.05397
-16.68869, 11.06426, 2.06567, 86.829, 0.077, -80.517, 0.98481, 0.16458, -0.05531
-16.66262, 11.06433, 2.06664, 86.757, 0.113, -80.494, 0.98467, 0.16499, -0.05657
-16.63280, 11.06440, 2.06764, 86.682, 0.150, -80.454, 0.98447, 0.16572, -0.05788
-16.59786, 11.06448, 2.06871, 86.597, 0.193, -80.392, 0.98420, 0.16681, -0.05935
-16.55855, 11.06455, 2.06983, 86.508, 0.239, -80.312, 0.98387, 0.16821, -0.06091
-16.52081, 11.06460, 2.07090, 86.429, 0.275, -80.230, 0.98353, 0.16966, -0.06228
-16.48841, 11.06460, 2.07184, 86.368, 0.292, -80.159, 0.98325, 0.17089, -0.06334
-16.46014, 11.06460, 2.07266, 86.325, 0.298, -80.094, 0.98301, 0.17201, -0.06409
-16.43441, 11.06460, 2.07341, 86.292, 0.299, -80.030, 0.98278, 0.17310, -0.06467
-16.40810, 11.06460, 2.07423, 86.255, 0.309, -79.961, 0.98252, 0.17430, -0.06532
-16.38185, 11.06458, 2.07511, 86.216, 0.330, -79.884, 0.98224, 0.17564, -0.06600
-16.35632, 11.06451, 2.07602, 86.179, 0.359, -79.801, 0.98194, 0.17708, -0.06664
-16.32834, 11.06438, 2.07698, 86.128, 0.386, -79.720, 0.98162, 0.17849, -0.06753
-16.29629, 11.06421, 2.07799, 86.058, 0.403, -79.645, 0.98130, 0.17979, -0.06875
-16.25919, 11.06398, 2.07910, 85.969, 0.412, -79.569, 0.98095, 0.18110, -0.07030
-16.22043, 11.06372, 2.08021, 85.866, 0.419, -79.500, 0.98060, 0.18228, -0.07208
-16.18550, 11.06350, 2.08122, 85.763, 0.430, -79.448, 0.98030, 0.18318, -0.07387
-16.15504, 11.06335, 2.08210, 85.640, 0.449, -79.417, 0.98004, 0.18371, -0.07602
-16.12778, 11.06324, 2.08287, 85.498, 0.473, -79.407, 0.97981, 0.18390, -0.07849
-16.10129, 11.06310, 2.08365, 85.412, 0.494, -79.390, 0.97962, 0.18422, -0.08000
-16.07373, 11.06289, 2.08452, 85.410, 0.508, -79.345, 0.97948, 0.18500, -0.08001
-16.04733, 11.06264, 2.08549, 85.485, 0.520, -79.266, 0.97932, 0.18637, -0.07872
-16.01991, 11.06234, 2.08646, 85.593, 0.526, -79.186, 0.97921, 0.18776, -0.07683
-15.98880, 11.06200, 2.08731, 85.665, 0.528, -79.147, 0.97917, 0.18844, -0.07559
-15.95282, 11.06160, 2.08805, 85.699, 0.513, -79.139, 0.97919, 0.18856, -0.07500
-15.91256, 11.06114, 2.08870, 85.716, 0.478, -79.138, 0.97922, 0.18854, -0.07469
-15.87349, 11.06070, 2.08927, 85.720, 0.450, -79.134, 0.97922, 0.18857, -0.07462
-15.83917, 11.06032, 2.08984, 85.713, 0.451, -79.110, 0.97913, 0.18898, -0.07475
-15.80828, 11.05999, 2.09038, 85.659, 0.486, -79.010, 0.97872, 0.19072, -0.07569
-15.77963, 11.05969, 2.09086, 85.589, 0.549, -78.889, 0.97821, 0.19286, -0.07691
-15.75080, 11.05940, 2.09130, 85.560, 0.615, -78.841, 0.97799, 0.19377, -0.07742
-15.72264, 11.05912, 2.09170, 85.591, 0.680, -78.859, 0.97808, 0.19354, -0.07687
-15.69559, 11.05887, 2.09203, 85.667, 0.755, -78.910, 0.97833, 0.19278, -0.07555
-15.66585, 11.05858, 2.09236, 85.725, 0.832, -78.965, 0.97857, 0.19194, -0.07453
-15.63140, 11.05821, 2.09274, 85.733, 0.911, -79.001, 0.97868, 0.19143, -0.07439
-15.59122, 11.05776, 2.09311, 85.731, 1.007, -79.027, 0.97874, 0.19111, -0.07442
-15.54916, 11.05728, 2.09352, 85.724, 1.092, -79.049, 0.97879, 0.19083, -0.07455
-15.51140, 11.05680, 2.09399, 85.710, 1.137, -79.075, 0.97884, 0.19046, -0.07480
-15.47867, 11.05634, 2.09455, 85.686, 1.155, -79.102, 0.97890, 0.19001, -0.07521
-15.44953, 11.05589, 2.09517, 85.648, 1.165, -79.130, 0.97894, 0.18955, -0.07586
-15.42120, 11.05543, 2.09582, 85.603, 1.167, -79.164, 0.97898, 0.18899, -0.07664
-15.39158, 11.05497, 2.09645, 85.559, 1.166, -79.202, 0.97905, 0.18834, -0.07742
-15.36303, 11.05453, 2.09708, 85.505, 1.152, -79.240, 0.97910, 0.18767, -0.07835
-15.33339, 11.05406, 2.09772, 85.452, 1.095, -79.287, 0.97920, 0.18679, -0.07929
-15.30000, 11.05350, 2.09839, 85.409, 0.987, -79.350, 0.97937, 0.18557, -0.08003
-15.26148, 11.05282, 2.09910, 85.384, 0.822, -79.432, 0.97964, 0.18395, -0.08048
-15.21848, 11.05204, 2.09986, 85.371, 0.594, -79.532, 0.98000, 0.18192, -0.08069
-15.17713, 11.05131, 2.10059, 85.351, 0.368, -79.630, 0.98034, 0.17993, -0.08105
-15.14126, 11.05072, 2.10125, 85.307, 0.186, -79.713, 0.98058, 0.17825, -0.08181
-15.10932, 11.05023, 2.10185, 85.228, 0.018, -79.789, 0.98075, 0.17668, -0.08319
-15.08026, 11.04981, 2.10242, 85.150, -0.125, -79.857, 0.98088, 0.17530, -0.08455
-15.05150, 11.04940, 2.10298, 85.121, -0.232, -79.916, 0.98104, 0.17412, -0.08506
-15.02378, 11.04900, 2.10355, 85.147, -0.311, -79.975, 0.98128, 0.17300, -0.08459
-14.99773, 11.04865, 2.10413, 85.212, -0.358, -80.030, 0.98155, 0.17202, -0.08347
-14.96934, 11.04824, 2.10467, 85.262, -0.372, -80.059, 0.98171, 0.17151, -0.08259
-14.93634, 11.04774, 2.10516, 85.263, -0.369, -80.060, 0.98171, 0.17151, -0.08259
-14.89789, 11.04712, 2.10560, 85.214, -0.337, -80.031, 0.98155, 0.17202, -0.08343
-14.85778, 11.04647, 2.10602, 85.152, -0.287, -79.972, 0.98127, 0.17308, -0.08451
-14.82190, 11.04590, 2.10647, 85.126, -0.247, -79.898, 0.98100, 0.17441, -0.08496
-14.79086, 11.04542, 2.10695, 85.150, -0.220, -79.814, 0.98077, 0.17589, -0.08454
-14.76334, 11.04501, 2.10747, 85.216, -0.199, -79.710, 0.98054, 0.17772, -0.08341
-14.73690, 11.04461, 2.10797, 85.283, -0.177, -79.591, 0.98026, 0.17981, -0.08224
-14.70962, 11.04418, 2.10844, 85.323, -0.149, -79.465, 0.97991, 0.18201, -0.08153
-14.68403, 11.04375, 2.10886, 85.355, -0.120, -79.323, 0.97949, 0.18449, -0.08098
-14.65750, 11.04331, 2.10928, 85.375, -0.087, -79.173, 0.97902, 0.18712, -0.08064
-14.62660, 11.04290, 2.10976, 85.380, -0.051, -79.031, 0.97856, 0.18959, -0.08054
-14.58998, 11.04249, 2.11032, 85.351, -0.001, -78.893, 0.97804, 0.19201, -0.08105
-14.54840, 11.04209, 2.11094, 85.272, 0.059, -78.755, 0.97745, 0.19442, -0.08243
-14.50813, 11.04174, 2.11153, 85.187, 0.097, -78.640, 0.97692, 0.19642, -0.08391
-14.47332, 11.04147, 2.11205, 85.131, 0.099, -78.554, 0.97655, 0.19787, -0.08488
-14.44267, 11.04127, 2.11249, 85.089, 0.084, -78.502, 0.97631, 0.19872, -0.08560
-14.41435, 11.04112, 2.11291, 85.054, 0.059, -78.469, 0.97615, 0.19924, -0.08621
-14.38510, 11.04100, 2.11335, 85.017, 0.038, -78.422, 0.97594, 0.20001, -0.08686
-14.35561, 11.04089, 2.11382, 84.973, 0.021, -78.361, 0.97567, 0.20099, -0.08763
-14.32650, 11.04080, 2.11432, 84.926, 0.003, -78.296, 0.97537, 0.20207, -0.08845
-14.29469, 11.04073, 2.11483, 84.886, -0.007, -78.215, 0.97503, 0.20342, -0.08913
-14.25869, 11.04067, 2.11536, 84.859, -0.006, -78.117, 0.97463, 0.20508, -0.08961
-14.21729, 11.04061, 2.11593, 84.840, 0.010, -77.997, 0.97417, 0.20713, -0.08994
-14.17416, 11.04055, 2.11651, 84.831, 0.036, -77.866, 0.97367, 0.20940, -0.09010
-14.13520, 11.04050, 2.11704, 84.829, 0.057, -77.744, 0.97321, 0.21151, -0.09013
-14.10117, 11.04043, 2.11753, 84.847, 0.075, -77.631, 0.97282, 0.21345, -0.08981
-14.07069, 11.04035, 2.11798, 84.892, 0.094, -77.524, 0.97248, 0.21531, -0.08904
-14.04089, 11.04031, 2.11839, 84.926, 0.104, -77.420, 0.97213, 0.21711, -0.08844
-14.00970, 11.04030, 2.11879, 84.931, 0.107, -77.318, 0.97175, 0.21885, -0.08836
-13.97968, 11.04034, 2.11925, 84.930, 0.107, -77.224, 0.97139, 0.22044, -0.08837
-13.94831, 11.04045, 2.11961, 84.930, 0.107, -77.128, 0.97102, 0.22207, -0.08838
-13.91260, 11.04060, 2.11973, 84.929, 0.107, -77.016, 0.97058, 0.22397, -0.08839
-13.87109, 11.04080, 2.11970, 84.928, 0.093, -76.880, 0.97005, 0.22625, -0.08841
-13.82444, 11.04107, 2.11963, 84.927, 0.059, -76.725, 0.96944, 0.22882, -0.08843
-13.77946, 11.04136, 2.11958, 84.926, 0.032, -76.580, 0.96887, 0.23123, -0.08844
-13.74054, 11.04164, 2.11958, 84.929, 0.031, -76.464, 0.96841, 0.23318, -0.08839
-13.70636, 11.04193, 2.11959, 84.952, 0.055, -76.377, 0.96808, 0.23471, -0.08799
-13.67490, 11.04222, 2.11961, 84.982, 0.089, -76.301, 0.96780, 0.23605, -0.08746
-13.64240, 11.04250, 2.11962, 84.995, 0.108, -76.209, 0.96743, 0.23763, -0.08725
-13.60970, 11.04274, 2.11961, 84.970, 0.116, -76.100, 0.96693, 0.23948, -0.08768
-13.57752, 11.04296, 2.11957, 84.911, 0.120, -75.979, 0.96634, 0.24151, -0.08871
-13.54215, 11.04323, 2.11945, 84.864, 0.120, -75.854, 0.96574, 0.24360, -0.08951
-13.50179, 11.04359, 2.11925, 84.858, 0.118, -75.732, 0.96521, 0.24565, -0.08962
-13.45499, 11.04405, 2.11887, 84.860, 0.096, -75.609, 0.96469, 0.24769, -0.08959
-13.40616, 11.04455, 2.11848, 84.864, 0.058, -75.485, 0.96417, 0.24972, -0.08951
-13.36240, 11.04500, 2.11831, 84.871, 0.019, -75.362, 0.96366, 0.25173, -0.08940
-13.32443, 11.04538, 2.11828, 84.879, -0.022, -75.238, 0.96314, 0.25376, -0.08927
-13.29066, 11.04571, 2.11827, 84.888, -0.070, -75.113, 0.96262, 0.25578, -0.08910
-13.25815, 11.04608, 2.11826, 84.901, -0.110, -74.994, 0.96212, 0.25774, -0.08889
-13.22449, 11.04653, 2.11825, 84.913, -0.135, -74.880, 0.96163, 0.25962, -0.08868
-13.19236, 11.04702, 2.11823, 84.919, -0.150, -74.769, 0.96115, 0.26145, -0.08856
-13.15936, 11.04757, 2.11821, 84.932, -0.155, -74.665, 0.96069, 0.26319, -0.08833
-13.12230, 11.04820, 2.11820, 84.965, -0.156, -74.569, 0.96030, 0.26482, -0.08777
-13.07947, 11.04890, 2.11822, 85.090, -0.118, -74.478, 0.96004, 0.26646, -0.08560
-13.03175, 11.04968, 2.11829, 85.350, -0.016, -74.394, 0.95997, 0.26811, -0.08107
-12.98633, 11.05050, 2.11839, 85.605, 0.095, -74.318, 0.95991, 0.26963, -0.07664
-12.94765, 11.05131, 2.11851, 85.753, 0.171, -74.246, 0.95973, 0.27098, -0.07406
-12.91453, 11.05218, 2.11868, 85.838, 0.245, -74.183, 0.95952, 0.27214, -0.07257
-12.88464, 11.05304, 2.11886, 85.884, 0.301, -74.124, 0.95927, 0.27321, -0.07178
-12.85350, 11.05380, 2.11899, 85.930, 0.320, -74.057, 0.95900, 0.27438, -0.07098
-12.82182, 11.05441, 2.11907, 85.979, 0.295, -73.980, 0.95870, 0.27565, -0.07012
-12.79055, 11.05489, 2.11911, 86.018, 0.229, -73.896, 0.95836, 0.27698, -0.06944
-12.75617, 11.05545, 2.11913, 86.060, 0.156, -73.810, 0.95802, 0.27834, -0.06872
-12.71698, 11.05621, 2.11915, 86.113, 0.103, -73.725, 0.95769, 0.27972, -0.06779
-12.67132, 11.05717, 2.11916, 86.177, 0.048, -73.636, 0.95734, 0.28116, -0.06667
-12.62387, 11.05821, 2.11916, 86.245, 0.004, -73.549, 0.95700, 0.28259, -0.06550
-12.58190, 11.05910, 2.11918, 86.303, -0.010, -73.470, 0.95668, 0.28391, -0.06448
-12.54618, 11.05984, 2.11923, 86.344, 0.000, -73.407, 0.95641, 0.28498, -0.06376
-12.51511, 11.06046, 2.11930, 86.373, 0.035, -73.357, 0.95618, 0.28587, -0.06326
-12.48541, 11.06102, 2.11938, 86.418, 0.085, -73.292, 0.95589, 0.28702, -0.06247
-12.45443, 11.06157, 2.11948, 86.502, 0.138, -73.200, 0.95549, 0.28863, -0.06102
-12.42512, 11.06204, 2.11961, 86.648, 0.200, -73.087, 0.95505, 0.29061, -0.05846
-12.39481, 11.06249, 2.11973, 86.792, 0.273, -72.955, 0.95450, 0.29292, -0.05596
-12.36000, 11.06300, 2.11977, 86.846, 0.354, -72.816, 0.95381, 0.29531, -0.05503
-12.31866, 11.06360, 2.11973, 86.780, 0.443, -72.669, 0.95296, 0.29784, -0.05616
-12.27181, 11.06428, 2.11962, 86.622, 0.541, -72.508, 0.95193, 0.30058, -0.05892
-12.22779, 11.06491, 2.11953, 86.499, 0.641, -72.353, 0.95096, 0.30324, -0.06106
-12.19180, 11.06548, 2.11953, 86.506, 0.736, -72.218, 0.95022, 0.30557, -0.06094
-12.16306, 11.06604, 2.11963, 86.683, 0.834, -72.108, 0.94979, 0.30750, -0.05786
-12.13778, 11.06650, 2.11986, 86.910, 0.927, -72.001, 0.94941, 0.30939, -0.05389
-12.10940, 11.06680, 2.12016, 87.004, 1.006, -71.864, 0.94873, 0.31173, -0.05226
-12.07776, 11.06695, 2.12053, 86.842, 1.078, -71.681, 0.94756, 0.31481, -0.05508
-12.04444, 11.06699, 2.12099, 86.448, 1.141, -71.464, 0.94591, 0.31847, -0.06195
-12.00920, 11.06704, 2.12148, 86.142, 1.180, -71.271, 0.94446, 0.32167, -0.06727
-11.97235, 11.06719, 2.12193, 86.105, 1.197, -71.137, 0.94365, 0.32390, -0.06791
-11.93204, 11.06743, 2.12238, 86.137, 1.207, -71.047, 0.94317, 0.32540, -0.06736
-11.89128, 11.06770, 2.12282, 86.178, 1.211, -70.993, 0.94292, 0.32629, -0.06665
-11.85460, 11.06790, 2.12325, 86.194, 1.211, -70.949, 0.94269, 0.32701, -0.06636
-11.82231, 11.06802, 2.12364, 86.108, 1.181, -70.919, 0.94242, 0.32747, -0.06786
-11.79361, 11.06808, 2.12400, 85.899, 1.110, -70.913, 0.94215, 0.32747, -0.07150
-11.76635, 11.06815, 2.12444, 85.737, 1.054, -70.892, 0.94184, 0.32773, -0.07432
-11.73862, 11.06826, 2.12499, 85.724, 1.046, -70.834, 0.94150, 0.32868, -0.07454
-11.71276, 11.06842, 2.12566, 85.792, 1.047, -70.741, 0.94105, 0.33021, -0.07337
-11.68648, 11.06858, 2.12642, 85.879, 1.048, -70.632, 0.94053, 0.33202, -0.07185
-11.65650, 11.06870, 2.12715, 85.915, 1.051, -70.538, 0.94003, 0.33357, -0.07123
-11.62129, 11.06879, 2.12783, 85.854, 1.056, -70.462, 0.93951, 0.33481, -0.07229
-11.58176, 11.06887, 2.12850, 85.691, 1.063, -70.397, 0.93891, 0.33586, -0.07512
-11.54422, 11.06890, 2.12921, 85.525, 1.074, -70.333, 0.93830, 0.33690, -0.07801
-11.51254, 11.06890, 2.12998, 85.432, 1.088, -70.263, 0.93775, 0.33805, -0.07964
-11.48558, 11.06890, 2.13081, 85.385, 1.107, -70.196, 0.93728, 0.33917, -0.08044
-11.46152, 11.06890, 2.13168, 85.356, 1.128, -70.123, 0.93680, 0.34038, -0.08095
-11.43670, 11.06890, 2.13254, 85.304, 1.146, -70.036, 0.93620, 0.34181, -0.08186
-11.41146, 11.06889, 2.13337, 85.230, 1.158, -69.930, 0.93545, 0.34356, -0.08313
-11.38672, 11.06886, 2.13419, 85.143, 1.166, -69.806, 0.93457, 0.34557, -0.08465
-11.36010, 11.06882, 2.13504, 85.039, 1.177, -69.690, 0.93369, 0.34747, -0.08647
-11.33029, 11.06879, 2.13593, 84.918, 1.195, -69.593, 0.93291, 0.34904, -0.08856
-11.29603, 11.06876, 2.13688, 84.770, 1.225, -69.504, 0.93211, 0.35052, -0.09113
-11.26090, 11.06873, 2.13784, 84.614, 1.253, -69.432, 0.93140, 0.35169, -0.09384
-11.23020, 11.06870, 2.13873, 84.482, 1.264, -69.386, 0.93089, 0.35243, -0.09613
-11.20442, 11.06868, 2.13954, 84.377, 1.264, -69.360, 0.93055, 0.35282, -0.09795
-11.18252, 11.06867, 2.14028, 84.293, 1.261, -69.352, 0.93035, 0.35293, -0.09942
-11.16189, 11.06863, 2.14100, 84.216, 1.255, -69.345, 0.93018, 0.35301, -0.10075
-11.14024, 11.06856, 2.14174, 84.137, 1.244, -69.329, 0.92995, 0.35323, -0.10213
-11.11942, 11.06846, 2.14248, 84.070, 1.212, -69.318, 0.92978, 0.35334, -0.10328
-11.09841, 11.06833, 2.14321, 84.000, 1.170, -69.297, 0.92955, 0.35359, -0.10450
-11.07550, 11.06820, 2.14392, 83.905, 1.139, -69.252, 0.92911, 0.35424, -0.10616
-11.04931, 11.06808, 2.14461, 83.761, 1.118, -69.179, 0.92840, 0.35533, -0.10866
-11.02053, 11.06795, 2.14528, 83.579, 1.102, -69.080, 0.92745, 0.35683, -0.11181
-10.99424, 11.06779, 2.14593, 83.443, 1.095, -68.978, 0.92655, 0.35842, -0.11418
-10.97313, 11.06759, 2.14659, 83.389, 1.098, -68.892, 0.92591, 0.35979, -0.11511
-10.95632, 11.06734, 2.14724, 83.365, 1.128, -68.816, 0.92536, 0.36106, -0.11551
-10.94269, 11.06705, 2.14788, 83.357, 1.171, -68.742, 0.92484, 0.36234, -0.11566
-10.92920, 11.06680, 2.14851, 83.347, 1.201, -68.659, 0.92428, 0.36372, -0.11582
-10.91558, 11.06661, 2.14914, 83.333, 1.216, -68.563, 0.92363, 0.36530, -0.11607
-10.90293, 11.06645, 2.14976, 83.321, 1.224, -68.456, 0.92291, 0.36703, -0.11628
-10.89029, 11.06624, 2.15036, 83.311, 1.226, -68.359, 0.92226, 0.36860, -0.11645
-10.87676, 11.06593, 2.15093, 83.303, 1.221, -68.281, 0.92175, 0.36984, -0.11659
-10.86180, 11.06550, 2.15146, 83.300, 1.186, -68.224, 0.92140, 0.37069, -0.11664
