256.00000, 6.00000, 2.00000, 100.000, 0.000, 90.000, -0.98481, 0.00000, 0.17365
255.77762, 5.99412, 1.99995, 100.001, -0.000, 90.046, -0.98481, -0.00079, 0.17366
255.25821, 5.98035, 1.99982, 100.002, -0.000, 90.153, -0.98480, -0.00262, 0.17368
254.84048, 5.96913, 1.99972, 100.003, -0.000, 90.239, -0.98479, -0.00410, 0.17370
254.45396, 5.95844, 1.99962, 100.004, -0.000, 90.318, -0.98478, -0.00547, 0.17372
254.06740, 5.94831, 1.99952, 100.005, -0.000, 90.398, -0.98477, -0.00683, 0.17374
253.68074, 5.93939, 1.99941, 100.006, -0.000, 90.477, -0.98475, -0.00820, 0.17375
253.29407, 5.93078, 1.99931, 100.007, -0.000, 90.557, -0.98474, -0.00957, 0.17377
252.90746, 5.92087, 1.99920, 100.008, -0.000, 90.637, -0.98472, -0.01094, 0.17379
252.52087, 5.91051, 1.99910, 100.009, -0.000, 90.718, -0.98470, -0.01235, 0.17381
252.13435, 5.89682, 1.99899, 100.010, -0.000, 90.795, -0.98468, -0.01366, 0.17382
251.74789, 5.88047, 1.99888, 100.011, -0.000, 90.866, -0.98466, -0.01489, 0.17384
251.36154, 5.85994, 1.99876, 100.012, -0.000, 90.930, -0.98464, -0.01599, 0.17386
250.97527, 5.83411, 1.99864, 100.013, -0.000, 90.987, -0.98462, -0.01696, 0.17387
250.58910, 5.80226, 1.99853, 100.014, -0.000, 91.035, -0.98461, -0.01779, 0.17389
250.20300, 5.76929, 1.99840, 100.015, -0.000, 91.081, -0.98459, -0.01858, 0.17390
249.81700, 5.73783, 1.99828, 100.015, -0.000, 91.130, -0.98457, -0.01942, 0.17391
249.43105, 5.70636, 1.99815, 100.016, -0.000, 91.178, -0.98455, -0.02025, 0.17393
249.04494, 5.67504, 1.99802, 100.017, -0.000, 91.227, -0.98453, -0.02109, 0.17394
248.65872, 5.64390, 1.99789, 100.018, -0.000, 91.276, -0.98451, -0.02192, 0.17395
248.27251, 5.61270, 1.99776, 100.019, -0.001, 91.324, -0.98449, -0.02276, 0.17397
247.88628, 5.58138, 1.99762, 100.019, -0.001, 91.373, -0.98447, -0.02359, 0.17398
247.50008, 5.54999, 1.99748, 100.020, -0.001, 91.421, -0.98444, -0.02443, 0.17399
247.11397, 5.51862, 1.99734, 100.021, -0.001, 91.470, -0.98442, -0.02527, 0.17401
246.72800, 5.48725, 1.99720, 100.022, -0.001, 91.519, -0.98440, -0.02610, 0.17402
246.34200, 5.45590, 1.99705, 100.023, -0.001, 91.567, -0.98437, -0.02694, 0.17404
245.95583, 5.42462, 1.99690, 100.023, -0.001, 91.616, -0.98435, -0.02777, 0.17405
245.56958, 5.39336, 1.99674, 100.024, -0.001, 91.665, -0.98432, -0.02861, 0.17406
245.18346, 5.36205, 1.99659, 100.025, -0.001, 91.713, -0.98429, -0.02944, 0.17408
244.79750, 5.33068, 1.99643, 100.026, -0.001, 91.762, -0.98426, -0.03028, 0.17409
244.41150, 5.29930, 1.99626, 100.026, -0.001, 91.810, -0.98424, -0.03111, 0.17410
244.02534, 5.26793, 1.99610, 100.027, -0.001, 91.859, -0.98421, -0.03195, 0.17412
243.63911, 5.23656, 1.99593, 100.028, -0.001, 91.908, -0.98418, -0.03278, 0.17413
243.25290, 5.20525, 1.99576, 100.029, -0.001, 91.956, -0.98415, -0.03362, 0.17415
242.86667, 5.17399, 1.99559, 100.030, -0.001, 92.005, -0.98411, -0.03445, 0.17416
242.48050, 5.14271, 1.99541, 100.030, -0.001, 92.054, -0.98408, -0.03529, 0.17417
242.09450, 5.11137, 1.99524, 100.031, -0.001, 92.102, -0.98405, -0.03612, 0.17419
241.70854, 5.07999, 1.99506, 100.032, -0.001, 92.151, -0.98402, -0.03696, 0.17420
241.32243, 5.04863, 1.99488, 100.033, -0.001, 92.199, -0.98398, -0.03779, 0.17421
240.93622, 5.01725, 1.99469, 100.034, -0.001, 92.248, -0.98395, -0.03863, 0.17423
240.55000, 4.98591, 1.99451, 100.034, -0.001, 92.297, -0.98391, -0.03946, 0.17424
240.16380, 4.95463, 1.99432, 100.035, -0.001, 92.345, -0.98388, -0.04030, 0.17425
239.77760, 4.92337, 1.99413, 100.036, -0.001, 92.394, -0.98384, -0.04113, 0.17427
239.39139, 4.89236, 1.99394, 100.037, -0.001, 92.443, -0.98380, -0.04198, 0.17428
239.00513, 4.86228, 1.99374, 100.038, -0.001, 92.494, -0.98376, -0.04285, 0.17429
238.61900, 4.82932, 1.99355, 100.038, -0.001, 92.540, -0.98372, -0.04364, 0.17431
238.23306, 4.79287, 1.99335, 100.039, -0.001, 92.580, -0.98369, -0.04432, 0.17432
237.84731, 4.75297, 1.99316, 100.040, -0.001, 92.614, -0.98366, -0.04491, 0.17433
237.46172, 4.71081, 1.99296, 100.040, -0.001, 92.644, -0.98364, -0.04542, 0.17434
237.07639, 4.66574, 1.99276, 100.041, -0.001, 92.668, -0.98362, -0.04584, 0.17435
236.69099, 4.62002, 1.99257, 100.042, -0.001, 92.692, -0.98359, -0.04625, 0.17437
236.30545, 4.57498, 1.99237, 100.042, -0.001, 92.718, -0.98357, -0.04669, 0.17438
235.91982, 4.52989, 1.99217, 100.043, -0.001, 92.743, -0.98355, -0.04712, 0.17439
235.53419, 4.48493, 1.99197, 100.044, -0.001, 92.768, -0.98353, -0.04756, 0.17440
235.14856, 4.44008, 1.99177, 100.044, -0.001, 92.793, -0.98350, -0.04799, 0.17441
234.76300, 4.39525, 1.99157, 100.045, -0.001, 92.819, -0.98348, -0.04843, 0.17442
234.37759, 4.35041, 1.99137, 100.045, -0.001, 92.844, -0.98346, -0.04886, 0.17443
233.99223, 4.30555, 1.99117, 100.046, -0.001, 92.869, -0.98343, -0.04929, 0.17444
233.60674, 4.26066, 1.99097, 100.047, -0.001, 92.895, -0.98341, -0.04973, 0.17445
233.22112, 4.21571, 1.99077, 100.047, -0.001, 92.920, -0.98339, -0.05016, 0.17446
232.83549, 4.17076, 1.99057, 100.048, -0.001, 92.945, -0.98336, -0.05060, 0.17447
232.44987, 4.12581, 1.99037, 100.048, -0.001, 92.971, -0.98334, -0.05103, 0.17448
232.06427, 4.08087, 1.99018, 100.049, -0.001, 92.996, -0.98331, -0.05146, 0.17449
231.67879, 4.03596, 1.98998, 100.050, -0.001, 93.021, -0.98329, -0.05190, 0.17450
231.29343, 3.99111, 1.98978, 100.050, -0.001, 93.046, -0.98326, -0.05233, 0.17451
230.90800, 3.94620, 1.98959, 100.051, -0.001, 93.072, -0.98324, -0.05277, 0.17453
230.52245, 3.90118, 1.98939, 100.052, -0.001, 93.097, -0.98321, -0.05320, 0.17454
230.13683, 3.85613, 1.98920, 100.052, -0.001, 93.122, -0.98319, -0.05364, 0.17455
229.75121, 3.81119, 1.98901, 100.053, -0.001, 93.148, -0.98316, -0.05407, 0.17456
229.36560, 3.76635, 1.98881, 100.053, -0.001, 93.173, -0.98314, -0.05450, 0.17457
228.98000, 3.72150, 1.98862, 100.054, -0.001, 93.198, -0.98311, -0.05494, 0.17458
228.59438, 3.67657, 1.98842, 100.055, -0.001, 93.224, -0.98308, -0.05537, 0.17459
228.20877, 3.63161, 1.98822, 100.055, -0.001, 93.249, -0.98306, -0.05581, 0.17460
227.82329, 3.58671, 1.98803, 100.056, -0.001, 93.274, -0.98303, -0.05624, 0.17461
227.43793, 3.54188, 1.98783, 100.057, -0.001, 93.299, -0.98300, -0.05667, 0.17462
227.05251, 3.49701, 1.98763, 100.057, -0.001, 93.325, -0.98298, -0.05711, 0.17463
226.66695, 3.45206, 1.98743, 100.058, -0.001, 93.350, -0.98295, -0.05754, 0.17464
226.28133, 3.40707, 1.98723, 100.058, -0.001, 93.375, -0.98292, -0.05797, 0.17465
225.89569, 3.36226, 1.98703, 100.059, -0.001, 93.401, -0.98289, -0.05841, 0.17466
225.51006, 3.31795, 1.98682, 100.060, -0.001, 93.428, -0.98286, -0.05888, 0.17467
225.12450, 3.27224, 1.98662, 100.060, -0.001, 93.451, -0.98284, -0.05928, 0.17468
224.73903, 3.22467, 1.98641, 100.061, -0.001, 93.470, -0.98282, -0.05959, 0.17469
224.35367, 3.17551, 1.98620, 100.061, -0.001, 93.484, -0.98280, -0.05984, 0.17470
223.96835, 3.12581, 1.98600, 100.062, -0.001, 93.497, -0.98279, -0.06006, 0.17471
223.58318, 3.07521, 1.98579, 100.062, -0.001, 93.507, -0.98277, -0.06024, 0.17472
223.19800, 3.02444, 1.98558, 100.063, -0.001, 93.518, -0.98276, -0.06041, 0.17473
222.81281, 2.97392, 1.98537, 100.063, -0.001, 93.528, -0.98275, -0.06060, 0.17474
222.42761, 2.92341, 1.98515, 100.064, -0.001, 93.539, -0.98274, -0.06078, 0.17475
222.04240, 2.87291, 1.98494, 100.064, -0.001, 93.550, -0.98272, -0.06097, 0.17476
221.65724, 2.82242, 1.98472, 100.065, -0.001, 93.561, -0.98271, -0.06116, 0.17476
221.27200, 2.77195, 1.98451, 100.065, -0.001, 93.572, -0.98270, -0.06134, 0.17477
220.88661, 2.72153, 1.98429, 100.066, -0.001, 93.583, -0.98268, -0.06153, 0.17478
220.50119, 2.67112, 1.98407, 100.066, -0.001, 93.594, -0.98267, -0.06171, 0.17479
220.11586, 2.62062, 1.98385, 100.067, -0.001, 93.604, -0.98266, -0.06190, 0.17480
219.73068, 2.57002, 1.98363, 100.067, -0.001, 93.615, -0.98264, -0.06209, 0.17481
219.34550, 2.51946, 1.98341, 100.068, -0.001, 93.626, -0.98263, -0.06227, 0.17482
218.96034, 2.46901, 1.98319, 100.069, -0.001, 93.637, -0.98262, -0.06246, 0.17483
218.57515, 2.41861, 1.98297, 100.069, -0.001, 93.648, -0.98260, -0.06265, 0.17483
218.18982, 2.36816, 1.98274, 100.070, -0.001, 93.659, -0.98259, -0.06283, 0.17484
217.80440, 2.31770, 1.98252, 100.070, -0.001, 93.670, -0.98258, -0.06302, 0.17485
217.41901, 2.26718, 1.98229, 100.071, -0.001, 93.680, -0.98256, -0.06320, 0.17486
217.03375, 2.21658, 1.98207, 100.071, -0.001, 93.691, -0.98255, -0.06339, 0.17487
216.64859, 2.16596, 1.98184, 100.072, -0.001, 93.702, -0.98254, -0.06358, 0.17488
216.26340, 2.11545, 1.98161, 100.072, -0.001, 93.713, -0.98252, -0.06376, 0.17489
215.87823, 2.06505, 1.98139, 100.073, -0.001, 93.724, -0.98251, -0.06395, 0.17490
215.49300, 2.01462, 1.98116, 100.073, -0.001, 93.735, -0.98249, -0.06413, 0.17490
215.10757, 1.96406, 1.98093, 100.074, -0.001, 93.745, -0.98248, -0.06432, 0.17491
214.72214, 1.91346, 1.98070, 100.074, -0.001, 93.756, -0.98247, -0.06451, 0.17492
214.33693, 1.86296, 1.98047, 100.075, -0.001, 93.767, -0.98245, -0.06469, 0.17493
213.95203, 1.81255, 1.98025, 100.075, -0.001, 93.778, -0.98244, -0.06488, 0.17494
213.56700, 1.76213, 1.98002, 100.076, -0.001, 93.789, -0.98243, -0.06506, 0.17495
213.18167, 1.71167, 1.97979, 100.076, -0.001, 93.800, -0.98241, -0.06525, 0.17496
212.79619, 1.66118, 1.97956, 100.077, -0.001, 93.811, -0.98240, -0.06544, 0.17497
212.41086, 1.61069, 1.97933, 100.077, -0.001, 93.822, -0.98238, -0.06563, 0.17497
212.02568, 1.56027, 1.97910, 100.078, -0.001, 93.834, -0.98237, -0.06584, 0.17498
211.64050, 1.50943, 1.97887, 100.078, -0.001, 93.843, -0.98236, -0.06599, 0.17499
211.25531, 1.45802, 1.97864, 100.079, -0.001, 93.848, -0.98235, -0.06607, 0.17500
210.87012, 1.40616, 1.97841, 100.079, -0.001, 93.849, -0.98235, -0.06609, 0.17501
210.48491, 1.35425, 1.97818, 100.080, -0.001, 93.850, -0.98234, -0.06611, 0.17502
210.09969, 1.30218, 1.97795, 100.080, -0.001, 93.850, -0.98234, -0.06612, 0.17502
209.71449, 1.25008, 1.97772, 100.080, -0.001, 93.851, -0.98234, -0.06612, 0.17503
209.32930, 1.19805, 1.97748, 100.081, -0.001, 93.851, -0.98234, -0.06613, 0.17504
208.94411, 1.14604, 1.97725, 100.081, -0.001, 93.851, -0.98234, -0.06613, 0.17505
208.55890, 1.09400, 1.97701, 100.082, -0.001, 93.851, -0.98233, -0.06613, 0.17506
208.17368, 1.04194, 1.97677, 100.082, -0.001, 93.852, -0.98233, -0.06614, 0.17506
207.78850, 0.98989, 1.97654, 100.083, -0.001, 93.852, -0.98233, -0.06614, 0.17507
207.40344, 0.93788, 1.97630, 100.083, -0.001, 93.852, -0.98233, -0.06614, 0.17508
207.01830, 0.88586, 1.97606, 100.084, -0.001, 93.852, -0.98233, -0.06614, 0.17509
206.63249, 0.83377, 1.97582, 100.084, -0.001, 93.852, -0.98233, -0.06615, 0.17509
206.24588, 0.78160, 1.97558, 100.084, -0.001, 93.852, -0.98233, -0.06615, 0.17510
205.86000, 0.72949, 1.97534, 100.085, -0.001, 93.852, -0.98233, -0.06615, 0.17511
205.47581, 0.67754, 1.97510, 100.085, -0.001, 93.852, -0.98232, -0.06615, 0.17511
205.09225, 0.62564, 1.97485, 100.086, -0.001, 93.853, -0.98232, -0.06615, 0.17512
204.70728, 0.57360, 1.97461, 100.086, -0.001, 93.853, -0.98232, -0.06615, 0.17513
204.32085, 0.52144, 1.97436, 100.087, -0.001, 93.853, -0.98232, -0.06615, 0.17514
203.93500, 0.46930, 1.97412, 100.087, -0.001, 93.853, -0.98232, -0.06616, 0.17514
203.55086, 0.41723, 1.97387, 100.087, -0.001, 93.853, -0.98232, -0.06616, 0.17515
203.16727, 0.36519, 1.97362, 100.088, -0.001, 93.853, -0.98232, -0.06616, 0.17516
202.78236, 0.31315, 1.97338, 100.088, -0.000, 93.853, -0.98231, -0.06616, 0.17517
202.39627, 0.26114, 1.97313, 100.089, -0.000, 93.853, -0.98231, -0.06616, 0.17517
202.00999, 0.20911, 1.97288, 100.089, -0.000, 93.853, -0.98231, -0.06616, 0.17518
201.62373, 0.15706, 1.97263, 100.090, -0.000, 93.853, -0.98231, -0.06616, 0.17519
201.23764, 0.10500, 1.97238, 100.090, -0.000, 93.853, -0.98231, -0.06616, 0.17520
200.85274, 0.05296, 1.97213, 100.091, -0.000, 93.853, -0.98231, -0.06616, 0.17520
200.46915, 0.00095, 1.97188, 100.091, -0.000, 93.853, -0.98231, -0.06616, 0.17521
200.08501, -0.05108, 1.97163, 100.091, -0.000, 93.853, -0.98230, -0.06616, 0.17522
199.69916, -0.10313, 1.97137, 100.092, -0.000, 93.853, -0.98230, -0.06616, 0.17523
199.31273, -0.15519, 1.97112, 100.092, -0.000, 93.853, -0.98230, -0.06616, 0.17523
198.92772, -0.20726, 1.97087, 100.093, -0.000, 93.853, -0.98230, -0.06616, 0.17524
198.54413, -0.25941, 1.97062, 100.093, -0.000, 93.853, -0.98230, -0.06616, 0.17525
198.16000, -0.31127, 1.97037, 100.093, -0.000, 93.853, -0.98230, -0.06616, 0.17525
197.77444, -0.36273, 1.97011, 100.094, -0.000, 93.849, -0.98230, -0.06609, 0.17526
197.38809, -0.41388, 1.96986, 100.094, -0.000, 93.839, -0.98231, -0.06592, 0.17527
197.00194, -0.46499, 1.96961, 100.095, -0.000, 93.831, -0.98232, -0.06578, 0.17527
196.61557, -0.51600, 1.96935, 100.095, -0.000, 93.823, -0.98233, -0.06563, 0.17528
196.23000, -0.56698, 1.96910, 100.095, -0.000, 93.814, -0.98234, -0.06549, 0.17529
195.84586, -0.61798, 1.96884, 100.096, -0.000, 93.806, -0.98234, -0.06535, 0.17529
195.46228, -0.66900, 1.96859, 100.096, -0.000, 93.798, -0.98235, -0.06521, 0.17530
195.07736, -0.72006, 1.96833, 100.097, -0.000, 93.789, -0.98236, -0.06507, 0.17531
194.69127, -0.77118, 1.96808, 100.097, -0.000, 93.781, -0.98237, -0.06492, 0.17532
194.30499, -0.82227, 1.96782, 100.097, -0.000, 93.773, -0.98238, -0.06478, 0.17532
193.91873, -0.87332, 1.96757, 100.098, -0.000, 93.764, -0.98239, -0.06464, 0.17533
193.53264, -0.92433, 1.96731, 100.098, -0.000, 93.756, -0.98239, -0.06450, 0.17533
193.14774, -0.97526, 1.96705, 100.099, -0.000, 93.748, -0.98240, -0.06436, 0.17534
192.76414, -1.02607, 1.96679, 100.099, -0.000, 93.740, -0.98241, -0.06421, 0.17535
192.38000, -1.07700, 1.96653, 100.099, -0.000, 93.731, -0.98242, -0.06407, 0.17535
191.99443, -1.12820, 1.96627, 100.100, -0.000, 93.723, -0.98243, -0.06393, 0.17536
191.60808, -1.17952, 1.96601, 100.100, -0.000, 93.715, -0.98243, -0.06379, 0.17537
191.22192, -1.23062, 1.96575, 100.100, -0.000, 93.707, -0.98244, -0.06365, 0.17537
190.83556, -1.28152, 1.96549, 100.101, -0.000, 93.698, -0.98245, -0.06350, 0.17538
190.45000, -1.33250, 1.96523, 100.101, -0.000, 93.690, -0.98246, -0.06336, 0.17539
190.06586, -1.38372, 1.96496, 100.102, -0.000, 93.682, -0.98247, -0.06322, 0.17539
189.68227, -1.43502, 1.96470, 100.102, -0.000, 93.673, -0.98247, -0.06308, 0.17540
189.29729, -1.48613, 1.96444, 100.102, -0.000, 93.665, -0.98248, -0.06294, 0.17541
188.91084, -1.53708, 1.96417, 100.103, -0.000, 93.657, -0.98249, -0.06279, 0.17541
188.52499, -1.58800, 1.96391, 100.103, -0.000, 93.649, -0.98250, -0.06265, 0.17542
188.14085, -1.63892, 1.96364, 100.103, -0.000, 93.641, -0.98251, -0.06251, 0.17543
187.75726, -1.68987, 1.96337, 100.104, -0.000, 93.632, -0.98251, -0.06237, 0.17543
187.37238, -1.74098, 1.96310, 100.104, 0.000, 93.624, -0.98252, -0.06223, 0.17544
186.98628, -1.79228, 1.96284, 100.105, 0.000, 93.616, -0.98253, -0.06209, 0.17545
186.60001, -1.84350, 1.96257, 100.105, 0.000, 93.607, -0.98254, -0.06194, 0.17545
186.21375, -1.89452, 1.96230, 100.105, 0.000, 93.599, -0.98255, -0.06180, 0.17546
185.82764, -1.94543, 1.96203, 100.106, 0.000, 93.591, -0.98255, -0.06166, 0.17546
185.44272, -1.99650, 1.96176, 100.106, 0.000, 93.583, -0.98256, -0.06152, 0.17547
185.05913, -2.04799, 1.96149, 100.106, 0.000, 93.576, -0.98257, -0.06140, 0.17548
184.67500, -2.09830, 1.96122, 100.107, 0.000, 93.566, -0.98258, -0.06123, 0.17548
184.28944, -2.14683, 1.96095, 100.107, 0.000, 93.552, -0.98259, -0.06099, 0.17549
183.90309, -2.19418, 1.96068, 100.108, 0.000, 93.535, -0.98261, -0.06070, 0.17550
183.51701, -2.24193, 1.96041, 100.108, 0.000, 93.519, -0.98262, -0.06043, 0.17550
183.13100, -2.28976, 1.96013, 100.108, 0.000, 93.504, -0.98264, -0.06016, 0.17551
182.74500, -2.33770, 1.95986, 100.109, 0.000, 93.488, -0.98265, -0.05989, 0.17551
182.35873, -2.38584, 1.95959, 100.109, 0.000, 93.472, -0.98267, -0.05963, 0.17552
181.97264, -2.43406, 1.95932, 100.109, 0.000, 93.457, -0.98268, -0.05936, 0.17553
181.58774, -2.48209, 1.95905, 100.110, 0.000, 93.441, -0.98270, -0.05909, 0.17553
181.20415, -2.52996, 1.95877, 100.110, 0.000, 93.426, -0.98271, -0.05882, 0.17554
180.82001, -2.57780, 1.95850, 100.110, 0.000, 93.410, -0.98273, -0.05855, 0.17554
180.43443, -2.62568, 1.95823, 100.111, 0.000, 93.394, -0.98274, -0.05829, 0.17555
180.04808, -2.67356, 1.95795, 100.111, 0.000, 93.379, -0.98276, -0.05802, 0.17555
179.66200, -2.72144, 1.95768, 100.111, 0.000, 93.363, -0.98277, -0.05775, 0.17556
179.27599, -2.76932, 1.95741, 100.111, 0.000, 93.347, -0.98279, -0.05748, 0.17556
178.89000, -2.81720, 1.95713, 100.112, 0.000, 93.332, -0.98280, -0.05721, 0.17557
178.50400, -2.86504, 1.95685, 100.112, 0.000, 93.316, -0.98282, -0.05694, 0.17558
178.11801, -2.91291, 1.95658, 100.112, 0.000, 93.300, -0.98283, -0.05668, 0.17558
177.73192, -2.96095, 1.95630, 100.113, 0.000, 93.285, -0.98285, -0.05641, 0.17559
177.34558, -3.00922, 1.95602, 100.113, 0.000, 93.269, -0.98286, -0.05614, 0.17559
176.96001, -3.05730, 1.95575, 100.113, 0.000, 93.254, -0.98288, -0.05588, 0.17560
176.57587, -3.10494, 1.95547, 100.114, 0.001, 93.238, -0.98289, -0.05561, 0.17560
176.19228, -3.15242, 1.95519, 100.114, 0.001, 93.223, -0.98290, -0.05534, 0.17561
175.80736, -3.20029, 1.95491, 100.115, 0.001, 93.207, -0.98292, -0.05507, 0.17562
175.42126, -3.24852, 1.95463, 100.115, 0.001, 93.191, -0.98293, -0.05480, 0.17562
175.03500, -3.29670, 1.95435, 100.115, 0.001, 93.176, -0.98295, -0.05453, 0.17563
174.64902, -3.34464, 1.95406, 100.115, 0.001, 93.160, -0.98296, -0.05427, 0.17563
174.26302, -3.39247, 1.95378, 100.116, 0.001, 93.144, -0.98297, -0.05400, 0.17564
173.87694, -3.44034, 1.95350, 100.116, 0.001, 93.129, -0.98299, -0.05373, 0.17564
173.49057, -3.48822, 1.95322, 100.116, 0.001, 93.113, -0.98300, -0.05346, 0.17565
173.10500, -3.53610, 1.95293, 100.117, 0.001, 93.098, -0.98301, -0.05319, 0.17565
172.72086, -3.58409, 1.95265, 100.117, 0.001, 93.082, -0.98303, -0.05293, 0.17566
172.33728, -3.63201, 1.95236, 100.117, 0.001, 93.066, -0.98304, -0.05266, 0.17567
171.95236, -3.67976, 1.95208, 100.118, 0.001, 93.051, -0.98305, -0.05239, 0.17567
171.56627, -3.72802, 1.95179, 100.118, 0.001, 93.035, -0.98307, -0.05213, 0.17568
171.17999, -3.77340, 1.95150, 100.118, 0.001, 93.017, -0.98308, -0.05181, 0.17568
170.79399, -3.81471, 1.95122, 100.119, 0.001, 92.995, -0.98310, -0.05144, 0.17569
170.40799, -3.85321, 1.95093, 100.119, 0.001, 92.970, -0.98312, -0.05101, 0.17569
170.02200, -3.89269, 1.95064, 100.119, 0.001, 92.947, -0.98314, -0.05060, 0.17570
169.63600, -3.93250, 1.95035, 100.120, 0.001, 92.923, -0.98316, -0.05020, 0.17570
169.25000, -3.97220, 1.95006, 100.120, 0.001, 92.899, -0.98318, -0.04979, 0.17571
168.86400, -4.01170, 1.94978, 100.120, 0.001, 92.876, -0.98320, -0.04939, 0.17571
168.47801, -4.05112, 1.94949, 100.120, 0.001, 92.852, -0.98322, -0.04898, 0.17572
168.09201, -4.09074, 1.94920, 100.121, 0.001, 92.829, -0.98324, -0.04858, 0.17572
167.70601, -4.13056, 1.94891, 100.121, 0.001, 92.805, -0.98326, -0.04817, 0.17572
167.32001, -4.17030, 1.94862, 100.121, 0.001, 92.781, -0.98328, -0.04776, 0.17573
166.93401, -4.20980, 1.94833, 100.121, 0.001, 92.758, -0.98330, -0.04736, 0.17573
166.54800, -4.24922, 1.94803, 100.122, 0.001, 92.734, -0.98332, -0.04695, 0.17574
166.16200, -4.28884, 1.94774, 100.122, 0.001, 92.710, -0.98333, -0.04655, 0.17574
165.77599, -4.32866, 1.94745, 100.122, 0.001, 92.687, -0.98335, -0.04614, 0.17575
165.39000, -4.36840, 1.94715, 100.123, 0.001, 92.663, -0.98337, -0.04574, 0.17575
165.00400, -4.40790, 1.94686, 100.123, 0.001, 92.640, -0.98339, -0.04533, 0.17576
164.61801, -4.44732, 1.94657, 100.123, 0.001, 92.616, -0.98341, -0.04493, 0.17576
164.23207, -4.48694, 1.94627, 100.123, 0.002, 92.592, -0.98342, -0.04452, 0.17577
163.84642, -4.52676, 1.94597, 100.124, 0.002, 92.569, -0.98344, -0.04412, 0.17577
163.46001, -4.56650, 1.94568, 100.124, 0.002, 92.545, -0.98346, -0.04371, 0.17578
163.07216, -4.60600, 1.94538, 100.124, 0.002, 92.522, -0.98348, -0.04331, 0.17578
162.68373, -4.64542, 1.94508, 100.124, 0.002, 92.498, -0.98349, -0.04290, 0.17579
162.29663, -4.68503, 1.94478, 100.125, 0.002, 92.474, -0.98351, -0.04250, 0.17579
161.91074, -4.72480, 1.94449, 100.125, 0.002, 92.451, -0.98353, -0.04209, 0.17580
161.52499, -4.76460, 1.94419, 100.125, 0.002, 92.427, -0.98354, -0.04169, 0.17580
161.13899, -4.80440, 1.94389, 100.125, 0.002, 92.404, -0.98356, -0.04128, 0.17580
160.75299, -4.84417, 1.94359, 100.126, 0.002, 92.380, -0.98358, -0.04088, 0.17581
160.36700, -4.88378, 1.94329, 100.126, 0.002, 92.357, -0.98359, -0.04047, 0.17581
159.98100, -4.92320, 1.94299, 100.126, 0.002, 92.333, -0.98361, -0.04007, 0.17582
159.59500, -4.96270, 1.94269, 100.127, 0.002, 92.309, -0.98362, -0.03966, 0.17582
159.20901, -5.00267, 1.94238, 100.127, 0.002, 92.286, -0.98364, -0.03925, 0.17583
158.82301, -5.04256, 1.94208, 100.127, 0.002, 92.262, -0.98365, -0.03885, 0.17583
158.43701, -5.08159, 1.94178, 100.128, 0.002, 92.239, -0.98367, -0.03845, 0.17584
158.05099, -5.12032, 1.94148, 100.128, 0.002, 92.216, -0.98368, -0.03805, 0.17584
157.66499, -5.15660, 1.94118, 100.128, 0.002, 92.194, -0.98370, -0.03768, 0.17585
157.27899, -5.18973, 1.94088, 100.129, 0.002, 92.174, -0.98371, -0.03734, 0.17586
156.89299, -5.22063, 1.94058, 100.129, 0.002, 92.156, -0.98372, -0.03703, 0.17587
156.50700, -5.25246, 1.94028, 100.130, 0.002, 92.138, -0.98373, -0.03671, 0.17587
156.12100, -5.28472, 1.93998, 100.130, 0.002, 92.119, -0.98374, -0.03639, 0.17588
155.73500, -5.31690, 1.93968, 100.130, 0.002, 92.100, -0.98375, -0.03606, 0.17589
155.34901, -5.34888, 1.93938, 100.131, 0.002, 92.081, -0.98376, -0.03574, 0.17590
154.96301, -5.38075, 1.93907, 100.132, 0.002, 92.062, -0.98377, -0.03542, 0.17591
154.57707, -5.41266, 1.93877, 100.132, 0.002, 92.044, -0.98378, -0.03510, 0.17592
154.19141, -5.44458, 1.93847, 100.132, 0.002, 92.025, -0.98379, -0.03477, 0.17593
153.80499, -5.47650, 1.93817, 100.133, 0.003, 92.006, -0.98380, -0.03445, 0.17593
153.41714, -5.50842, 1.93787, 100.133, 0.003, 91.987, -0.98381, -0.03413, 0.17594
153.02873, -5.54034, 1.93756, 100.134, 0.003, 91.969, -0.98382, -0.03381, 0.17595
152.64165, -5.57225, 1.93726, 100.134, 0.003, 91.950, -0.98383, -0.03348, 0.17596
152.25572, -5.60412, 1.93696, 100.135, 0.003, 91.931, -0.98384, -0.03316, 0.17597
151.87000, -5.63610, 1.93666, 100.135, 0.003, 91.912, -0.98385, -0.03284, 0.17597
151.48399, -5.66828, 1.93635, 100.136, 0.003, 91.893, -0.98386, -0.03252, 0.17598
151.09799, -5.70054, 1.93605, 100.136, 0.003, 91.875, -0.98387, -0.03219, 0.17599
150.71201, -5.73261, 1.93574, 100.137, 0.003, 91.856, -0.98387, -0.03187, 0.17600
150.32600, -5.76452, 1.93544, 100.137, 0.003, 91.837, -0.98388, -0.03155, 0.17601
149.94000, -5.79640, 1.93513, 100.138, 0.003, 91.818, -0.98389, -0.03122, 0.17601
149.55429, -5.82832, 1.93483, 100.138, 0.003, 91.799, -0.98390, -0.03090, 0.17602
149.16837, -5.86024, 1.93452, 100.139, 0.003, 91.781, -0.98391, -0.03058, 0.17603
148.78128, -5.89215, 1.93422, 100.139, 0.003, 91.762, -0.98392, -0.03026, 0.17604
148.39285, -5.92402, 1.93391, 100.139, 0.003, 91.743, -0.98393, -0.02993, 0.17604
148.00500, -5.95600, 1.93360, 100.140, 0.003, 91.724, -0.98394, -0.02961, 0.17605
147.61859, -5.98818, 1.93329, 100.140, 0.003, 91.705, -0.98394, -0.02929, 0.17606
147.23291, -6.02044, 1.93299, 100.141, 0.003, 91.687, -0.98395, -0.02896, 0.17607
146.84700, -6.05251, 1.93268, 100.141, 0.003, 91.668, -0.98396, -0.02864, 0.17608
146.46098, -6.08442, 1.93237, 100.142, 0.003, 91.649, -0.98397, -0.02832, 0.17609
146.07500, -6.11630, 1.93206, 100.142, 0.003, 91.630, -0.98398, -0.02800, 0.17609
145.68900, -6.14853, 1.93175, 100.143, 0.004, 91.611, -0.98398, -0.02767, 0.17610
145.30301, -6.18054, 1.93144, 100.143, 0.004, 91.592, -0.98399, -0.02734, 0.17611
144.91707, -6.21151, 1.93113, 100.144, 0.004, 91.574, -0.98400, -0.02704, 0.17612
144.53142, -6.24182, 1.93082, 100.145, 0.004, 91.557, -0.98400, -0.02674, 0.17613
144.14500, -6.27030, 1.93051, 100.145, 0.004, 91.542, -0.98401, -0.02648, 0.17614
143.75717, -6.29667, 1.93020, 100.146, 0.004, 91.529, -0.98401, -0.02626, 0.17615
143.36873, -6.32143, 1.92989, 100.147, 0.004, 91.518, -0.98402, -0.02607, 0.17617
142.98164, -6.34674, 1.92958, 100.147, 0.004, 91.506, -0.98402, -0.02587, 0.17618
142.59572, -6.37222, 1.92928, 100.148, 0.004, 91.495, -0.98402, -0.02566, 0.17619
142.21001, -6.39770, 1.92898, 100.149, 0.004, 91.483, -0.98402, -0.02546, 0.17621
141.82428, -6.42318, 1.92867, 100.150, 0.004, 91.471, -0.98403, -0.02525, 0.17622
141.43835, -6.44866, 1.92837, 100.151, 0.004, 91.459, -0.98403, -0.02505, 0.17624
141.02005, -6.47620, 1.92805, 100.151, 0.004, 91.446, -0.98403, -0.02483, 0.17625
140.49852, -6.51044, 1.92765, 100.153, 0.004, 91.430, -0.98404, -0.02455, 0.17627
