1.50000, -2.00000, 1.40000, 75.000, 0.000, 60.000, -0.83652, 0.48296, -0.25882
1.51557, -1.97987, 1.40269, 74.567, 0.338, 61.291, -0.84620, 0.46166, -0.26610
1.53248, -1.95720, 1.40529, 74.163, 0.562, 62.699, -0.85610, 0.43888, -0.27289
1.54440, -1.94000, 1.40660, 74.023, 0.590, 63.681, -0.86298, 0.42370, -0.27523
1.55617, -1.92241, 1.40744, 74.021, 0.582, 64.518, -0.86904, 0.41108, -0.27527
1.57034, -1.89937, 1.40793, 73.910, 0.526, 65.789, -0.87736, 0.39171, -0.27714
1.58620, -1.87220, 1.40810, 73.575, 0.366, 67.456, -0.88659, 0.36608, -0.28275
1.59795, -1.85169, 1.40769, 73.578, 0.141, 68.758, -0.89429, 0.34688, -0.28271
1.60886, -1.83174, 1.40663, 73.571, -0.114, 69.915, -0.90065, 0.32991, -0.28283
1.62030, -1.80980, 1.40490, 73.546, -0.302, 71.099, -0.90685, 0.31208, -0.28324
1.63519, -1.78036, 1.40217, 73.721, -0.300, 72.924, -0.91716, 0.28328, -0.28032
1.64811, -1.75411, 1.39961, 73.938, -0.246, 74.327, -0.92491, 0.26075, -0.27668
1.65840, -1.73240, 1.39750, 74.070, 0.056, 75.173, -0.92965, 0.24581, -0.27446
1.66848, -1.71044, 1.39565, 73.898, 0.403, 75.990, -0.93266, 0.23070, -0.27735
1.68073, -1.68336, 1.39360, 73.742, 0.811, 76.880, -0.93585, 0.21406, -0.27993
1.69450, -1.65260, 1.39150, 73.617, 1.257, 77.759, -0.93890, 0.19736, -0.28198
1.70447, -1.62927, 1.39034, 73.264, 1.708, 78.085, -0.93878, 0.18932, -0.28784
1.71350, -1.60760, 1.38974, 72.633, 2.098, 78.482, -0.93737, 0.17988, -0.29829
1.72280, -1.58500, 1.38960, 71.779, 2.418, 78.894, -0.93461, 0.17002, -0.31240
1.73494, -1.55553, 1.38981, 70.942, 2.715, 78.876, -0.93041, 0.16718, -0.32617
1.74531, -1.53041, 1.39015, 70.228, 3.020, 78.740, -0.92641, 0.16627, -0.33781
1.75340, -1.51100, 1.39070, 69.611, 3.337, 78.312, -0.92202, 0.17003, -0.34780
1.76146, -1.49182, 1.39190, 68.869, 3.633, 77.776, -0.91645, 0.17516, -0.35977
1.77139, -1.46932, 1.39393, 67.942, 4.004, 77.081, -0.90920, 0.18164, -0.37464
1.78260, -1.44480, 1.39660, 66.832, 4.321, 76.502, -0.90088, 0.18576, -0.39231
1.79048, -1.42782, 1.39905, 65.587, 4.284, 76.633, -0.89306, 0.18047, -0.41216
1.79777, -1.41255, 1.40122, 64.612, 4.044, 76.631, -0.88593, 0.17947, -0.42768
1.80550, -1.39660, 1.40330, 63.890, 3.536, 76.375, -0.87907, 0.18515, -0.43926
1.81551, -1.37551, 1.40623, 62.874, 3.065, 76.148, -0.86996, 0.18941, -0.45530
1.82442, -1.35736, 1.40900, 61.983, 2.722, 75.758, -0.86117, 0.19556, -0.46920
1.83180, -1.34300, 1.41150, 61.275, 2.527, 75.147, -0.85307, 0.20432, -0.48014
1.83922, -1.32805, 1.41407, 60.673, 2.444, 74.219, -0.84466, 0.21701, -0.48934
1.84830, -1.31099, 1.41779, 59.693, 2.165, 73.281, -0.83232, 0.23010, -0.50427
1.85860, -1.29280, 1.42240, 58.427, 1.651, 72.441, -0.81683, 0.24265, -0.52336
1.86647, -1.27935, 1.42564, 57.771, 1.064, 71.779, -0.80660, 0.25510, -0.53321
1.87394, -1.26706, 1.42883, 57.099, 0.548, 71.073, -0.79590, 0.26742, -0.54317
1.88190, -1.25440, 1.43240, 56.266, 0.087, 70.287, -0.78317, 0.27973, -0.55534
1.89241, -1.23839, 1.43715, 55.232, -0.623, 69.492, -0.76724, 0.29359, -0.57022
1.90161, -1.22429, 1.44095, 54.412, -1.098, 68.804, -0.75417, 0.30442, -0.58185
1.90910, -1.21260, 1.44370, 53.820, -1.224, 68.173, -0.74461, 0.31181, -0.59019
1.91675, -1.20054, 1.44699, 53.083, -1.059, 67.350, -0.73357, 0.31813, -0.60055
1.92655, -1.18601, 1.45084, 52.255, -1.016, 66.139, -0.71878, 0.32979, -0.61205
1.93790, -1.16980, 1.45480, 51.558, -1.044, 64.677, -0.70313, 0.34524, -0.62162
1.94624, -1.15750, 1.45704, 51.492, -0.990, 63.741, -0.69700, 0.35586, -0.62254
1.95426, -1.14556, 1.45909, 51.251, -0.952, 62.658, -0.68799, 0.36744, -0.62583
1.96300, -1.13260, 1.46130, 50.689, -0.947, 61.309, -0.67369, 0.38063, -0.63345
1.97429, -1.11587, 1.46362, 50.260, -1.248, 59.825, -0.65776, 0.39854, -0.63915
1.98435, -1.10134, 1.46535, 49.988, -1.394, 58.430, -0.64437, 0.41432, -0.64275
1.99270, -1.08980, 1.46650, 49.829, -1.407, 57.136, -0.63324, 0.42796, -0.64487
2.00113, -1.07866, 1.46784, 49.507, -1.354, 55.829, -0.62058, 0.43983, -0.64918
2.01154, -1.06553, 1.46917, 49.211, -1.293, 53.916, -0.60320, 0.45783, -0.65311
2.02330, -1.05120, 1.47040, 48.997, -1.222, 51.515, -0.58204, 0.48059, -0.65595
2.03184, -1.04139, 1.47117, 48.919, -1.019, 49.635, -0.56677, 0.49709, -0.65702
2.03921, -1.03314, 1.47185, 48.812, -0.852, 48.058, -0.55322, 0.51028, -0.65845
2.04640, -1.02520, 1.47260, 48.646, -0.741, 46.572, -0.53927, 0.52222, -0.66066
2.05589, -1.01503, 1.47358, 48.470, -0.540, 44.419, -0.51949, 0.53906, -0.66298
2.06366, -1.00666, 1.47428, 48.341, -0.525, 42.468, -0.49994, 0.55522, -0.66467
2.06920, -1.00040, 1.47470, 48.246, -0.719, 40.925, -0.48237, 0.56914, -0.66588
2.07449, -0.99375, 1.47536, 48.129, -1.012, 39.768, -0.46728, 0.57991, -0.66735
2.08024, -0.98620, 1.47637, 47.712, -1.316, 38.532, -0.44875, 0.58832, -0.67268
2.08620, -0.97840, 1.47760, 47.159, -1.615, 37.163, -0.42766, 0.59591, -0.67970
2.09042, -0.97352, 1.47839, 47.116, -1.995, 35.920, -0.41067, 0.60729, -0.68011
2.09322, -0.96992, 1.47899, 46.960, -2.297, 35.065, -0.39751, 0.61394, -0.68196
2.09520, -0.96640, 1.47950, 46.596, -2.531, 34.551, -0.38705, 0.61559, -0.68647
2.09850, -0.95996, 1.48012, 46.317, -2.927, 33.929, -0.37438, 0.61973, -0.68976
2.10180, -0.95289, 1.48065, 46.112, -3.178, 33.156, -0.36199, 0.62437, -0.69219
2.10470, -0.94600, 1.48100, 45.951, -3.259, 32.249, -0.35009, 0.62896, -0.69415
2.10705, -0.94027, 1.48110, 45.623, -3.383, 31.167, -0.33460, 0.63295, -0.69815
2.10824, -0.93499, 1.48100, 45.599, -3.490, 30.963, -0.33105, 0.63456, -0.69838
2.10850, -0.92980, 1.48040, 45.843, -3.594, 31.004, -0.33212, 0.63743, -0.69526
2.10885, -0.92394, 1.47971, 46.050, -3.734, 31.145, -0.33368, 0.63955, -0.69256
2.10890, -0.91828, 1.47889, 46.300, -3.998, 31.292, -0.33435, 0.64281, -0.68920
2.10890, -0.91260, 1.47790, 46.599, -4.367, 31.512, -0.33516, 0.64677, -0.68510
2.10798, -0.90492, 1.47647, 46.953, -4.689, 32.180, -0.34198, 0.64824, -0.68032
2.10675, -0.89861, 1.47527, 47.286, -4.964, 32.963, -0.35052, 0.64841, -0.67580
2.10550, -0.89400, 1.47440, 47.587, -5.201, 33.778, -0.35966, 0.64767, -0.67169
2.10392, -0.88896, 1.47345, 47.873, -5.514, 34.618, -0.36830, 0.64697, -0.66768
2.10201, -0.88371, 1.47255, 48.287, -5.573, 35.636, -0.38240, 0.64435, -0.66226
2.09980, -0.87860, 1.47180, 48.765, -5.555, 36.796, -0.39933, 0.64041, -0.65606
2.09750, -0.87504, 1.47143, 48.915, -5.435, 37.804, -0.41282, 0.63369, -0.65423
2.09514, -0.87163, 1.47141, 48.984, -5.251, 38.881, -0.42687, 0.62506, -0.65351
2.09250, -0.86800, 1.47150, 49.093, -4.993, 40.149, -0.44373, 0.61444, -0.65235
2.08858, -0.86421, 1.47170, 49.611, -4.492, 41.950, -0.47142, 0.60039, -0.64599
2.08518, -0.86067, 1.47185, 49.973, -4.036, 43.433, -0.49358, 0.58718, -0.64156
2.08250, -0.85760, 1.47200, 50.125, -3.658, 44.510, -0.50884, 0.57597, -0.63980
2.07965, -0.85557, 1.47259, 50.563, -3.179, 45.613, -0.52729, 0.56541, -0.63425
2.07573, -0.85273, 1.47344, 50.887, -2.664, 47.293, -0.55028, 0.54780, -0.63017
2.07100, -0.84920, 1.47440, 51.051, -2.161, 49.428, -0.57533, 0.52383, -0.62818
2.06743, -0.84754, 1.47522, 51.245, -1.829, 50.906, -0.59264, 0.50727, -0.62567
2.06395, -0.84584, 1.47627, 51.395, -1.418, 52.402, -0.60974, 0.48902, -0.62376
2.06010, -0.84380, 1.47760, 51.534, -0.821, 54.116, -0.62915, 0.46616, -0.62198
2.05481, -0.84191, 1.47911, 51.831, 0.105, 56.257, -0.65438, 0.43576, -0.61798
2.04991, -0.84072, 1.48039, 52.176, 1.149, 58.332, -0.67874, 0.40423, -0.61312
2.04570, -0.84020, 1.48140, 52.552, 2.308, 60.264, -0.70151, 0.37252, -0.60754
2.04159, -0.83952, 1.48249, 52.937, 3.713, 62.261, -0.72443, 0.33687, -0.60142
2.03665, -0.83942, 1.48346, 53.665, 5.693, 64.410, -0.75194, 0.29493, -0.58958
2.03110, -0.83980, 1.48430, 54.642, 7.976, 66.643, -0.78055, 0.24961, -0.57309
2.02674, -0.84064, 1.48514, 55.204, 9.291, 68.596, -0.79818, 0.21391, -0.56317
2.02302, -0.84187, 1.48611, 55.590, 10.201, 70.421, -0.81085, 0.18217, -0.55618
2.01950, -0.84320, 1.48720, 55.896, 10.706, 72.263, -0.82040, 0.15305, -0.55093
2.01463, -0.84376, 1.48824, 56.349, 10.764, 74.640, -0.83011, 0.12069, -0.54438
2.01063, -0.84367, 1.48912, 56.709, 10.661, 76.629, -0.83672, 0.09451, -0.53941
2.00770, -0.84260, 1.48980, 56.905, 10.024, 78.101, -0.83936, 0.07973, -0.53769
2.00472, -0.84102, 1.49040, 56.952, 9.376, 79.394, -0.84024, 0.06695, -0.53806
2.00091, -0.83821, 1.49050, 56.973, 8.383, 81.136, -0.84065, 0.05068, -0.53921
1.99650, -0.83440, 1.49040, 56.984, 7.206, 83.237, -0.84074, 0.03088, -0.54056
1.99345, -0.83119, 1.49006, 56.981, 6.523, 84.687, -0.84062, 0.01600, -0.54139
1.99046, -0.82749, 1.48930, 56.983, 6.411, 85.784, -0.84072, 0.00096, -0.54148
1.98710, -0.82280, 1.48800, 57.073, 6.404, 86.698, -0.84146, -0.01218, -0.54018
1.98275, -0.81585, 1.48558, 57.412, 6.846, 87.908, -0.84435, -0.03341, -0.53475
1.97899, -0.80948, 1.48317, 57.763, 7.298, 88.933, -0.84696, -0.05200, -0.52911
1.97600, -0.80400, 1.48100, 57.987, 7.493, 89.714, -0.84826, -0.06489, -0.52559
1.97286, -0.79800, 1.47897, 58.012, 7.433, 90.373, -0.84769, -0.07406, -0.52530
1.96904, -0.79012, 1.47605, 58.177, 7.075, 91.450, -0.84777, -0.08642, -0.52328
1.96480, -0.78080, 1.47240, 58.627, 6.473, 92.865, -0.84980, -0.10130, -0.51728
1.96181, -0.77334, 1.46982, 58.691, 6.085, 93.777, -0.84889, -0.11125, -0.51673
1.95921, -0.76518, 1.46737, 58.781, 5.798, 94.485, -0.84848, -0.11907, -0.51566
1.95670, -0.75540, 1.46460, 59.024, 5.646, 95.025, -0.84965, -0.12555, -0.51219
1.95367, -0.74246, 1.46047, 59.724, 5.980, 95.391, -0.85485, -0.13343, -0.50143
1.95116, -0.73026, 1.45688, 60.176, 6.441, 95.442, -0.85836, -0.13782, -0.49419
1.94930, -0.71920, 1.45410, 60.283, 6.758, 95.444, -0.85903, -0.14046, -0.49228
1.94756, -0.70753, 1.45133, 60.347, 6.762, 95.424, -0.85964, -0.14014, -0.49130
1.94577, -0.69173, 1.44797, 60.634, 6.652, 95.383, -0.86233, -0.13831, -0.48709
1.94400, -0.67260, 1.44430, 61.140, 6.127, 95.327, -0.86724, -0.13260, -0.47991
1.94279, -0.65701, 1.44207, 61.349, 5.852, 95.255, -0.86939, -0.12906, -0.47697
1.94185, -0.64136, 1.44039, 61.342, 5.531, 95.243, -0.86961, -0.12621, -0.47734
1.94100, -0.62360, 1.43890, 61.240, 5.059, 95.248, -0.86908, -0.12243, -0.47927
1.93978, -0.59806, 1.43678, 61.193, 4.159, 95.127, -0.86961, -0.11312, -0.48060
1.93903, -0.57501, 1.43529, 61.196, 3.520, 94.956, -0.87044, -0.10518, -0.48090
1.93880, -0.55580, 1.43460, 61.225, 3.227, 94.785, -0.87120, -0.10012, -0.48062
1.93853, -0.53622, 1.43412, 60.941, 2.943, 94.629, -0.86925, -0.09541, -0.48507
1.93823, -0.51109, 1.43363, 60.837, 2.412, 94.383, -0.86911, -0.08719, -0.48687
1.93800, -0.48180, 1.43310, 60.830, 1.668, 94.073, -0.86997, -0.07616, -0.48720
1.93800, -0.45950, 1.43274, 60.762, 1.140, 93.873, -0.86995, -0.06863, -0.48834
1.93796, -0.43856, 1.43252, 60.612, 0.775, 93.766, -0.86900, -0.06386, -0.49067
1.93770, -0.41640, 1.43230, 60.427, 0.563, 93.745, -0.86755, -0.06164, -0.49352
1.93732, -0.38702, 1.43157, 60.336, 0.464, 93.772, -0.86680, -0.06116, -0.49490
1.93688, -0.36103, 1.43059, 60.368, 0.414, 93.729, -0.86714, -0.06010, -0.49442
1.93640, -0.33980, 1.42950, 60.543, 0.395, 93.552, -0.86884, -0.05733, -0.49177
1.93596, -0.31898, 1.42866, 60.599, 0.437, 93.538, -0.86931, -0.05750, -0.49090
1.93509, -0.29326, 1.42735, 60.610, 0.413, 93.673, -0.86929, -0.05935, -0.49073
1.93380, -0.26380, 1.42550, 60.614, 0.247, 94.099, -0.86896, -0.06439, -0.49068
1.93255, -0.24111, 1.42356, 60.832, 0.189, 94.048, -0.87090, -0.06325, -0.48737
1.93130, -0.21981, 1.42175, 61.098, 0.201, 93.972, -0.87323, -0.06234, -0.48330
1.92990, -0.19720, 1.41990, 61.349, 0.272, 93.916, -0.87535, -0.06220, -0.47947
1.92771, -0.16657, 1.41695, 61.736, 0.291, 93.958, -0.87851, -0.06319, -0.47353
1.92564, -0.13975, 1.41428, 61.990, 0.284, 94.115, -0.88043, -0.06568, -0.46961
1.92380, -0.11820, 1.41210, 62.075, 0.140, 94.373, -0.88090, -0.06851, -0.46831
1.92188, -0.09656, 1.40991, 62.103, -0.187, 94.675, -0.88097, -0.07050, -0.46788
1.91926, -0.06953, 1.40698, 62.247, -0.692, 94.927, -0.88217, -0.07040, -0.46563
1.91610, -0.03840, 1.40350, 62.504, -1.298, 95.125, -0.88443, -0.06883, -0.46156
1.91364, -0.01434, 1.40106, 62.494, -1.748, 95.370, -0.88439, -0.06897, -0.46162
1.91140, 0.00822, 1.39872, 62.546, -2.159, 95.624, -0.88481, -0.06967, -0.46071
1.90910, 0.03200, 1.39610, 62.868, -2.538, 95.876, -0.88735, -0.07102, -0.45559
1.90583, 0.06376, 1.39231, 63.201, -2.863, 96.170, -0.88984, -0.07354, -0.45030
1.90339, 0.09147, 1.38899, 63.548, -2.990, 96.214, -0.89256, -0.07382, -0.44484
1.90190, 0.11360, 1.38640, 63.835, -3.028, 96.183, -0.89482, -0.07351, -0.44034
1.89998, 0.13547, 1.38400, 63.918, -3.223, 96.201, -0.89558, -0.07245, -0.43896
1.89799, 0.16187, 1.38113, 63.902, -3.792, 96.155, -0.89599, -0.06737, -0.43894
1.89610, 0.19120, 1.37800, 63.842, -4.645, 95.843, -0.89656, -0.05585, -0.43939
1.89479, 0.21176, 1.37607, 63.959, -5.315, 95.483, -0.89826, -0.04537, -0.43712
1.89391, 0.22975, 1.37482, 63.970, -5.796, 95.192, -0.89889, -0.03718, -0.43660
1.89330, 0.24740, 1.37410, 63.729, -6.135, 94.998, -0.89742, -0.03100, -0.44008
1.89236, 0.26896, 1.37365, 63.261, -6.604, 94.788, -0.89427, -0.02297, -0.44694
1.89149, 0.28585, 1.37361, 62.977, -6.982, 94.740, -0.89235, -0.01857, -0.45097
1.89080, 0.29700, 1.37390, 62.865, -7.166, 94.737, -0.89159, -0.01680, -0.45252
1.89024, 0.30673, 1.37469, 62.420, -7.122, 94.757, -0.88807, -0.01631, -0.45941
1.89003, 0.31594, 1.37633, 61.896, -7.082, 94.945, -0.88382, -0.01817, -0.46748
1.89000, 0.32440, 1.37860, 61.390, -7.070, 95.411, -0.87954, -0.02411, -0.47521
1.89000, 0.32963, 1.38056, 61.036, -7.070, 95.527, -0.87660, -0.02494, -0.48058
1.89001, 0.33312, 1.38262, 60.794, -7.074, 95.592, -0.87457, -0.02524, -0.48424
1.89010, 0.33480, 1.38510, 60.590, -7.084, 95.726, -0.87282, -0.02665, -0.48731
1.89026, 0.33342, 1.38915, 60.181, -6.874, 96.463, -0.86879, -0.03851, -0.49369
1.89025, 0.33044, 1.39295, 59.729, -6.755, 97.158, -0.86431, -0.04878, -0.50059
1.89010, 0.32620, 1.39630, 59.356, -6.731, 97.582, -0.86071, -0.05430, -0.50619
1.89026, 0.32143, 1.39988, 59.301, -6.630, 97.708, -0.86000, -0.05692, -0.50711
1.89056, 0.31223, 1.40515, 59.105, -6.441, 98.215, -0.85754, -0.06559, -0.51022
1.89090, 0.29920, 1.41180, 58.831, -6.210, 99.260, -0.85350, -0.08242, -0.51453
1.89100, 0.28829, 1.41692, 58.968, -6.136, 100.110, -0.85324, -0.09616, -0.51257
1.89125, 0.27736, 1.42245, 58.988, -6.059, 100.388, -0.85282, -0.10105, -0.51234
1.89180, 0.26520, 1.42920, 58.841, -5.948, 100.454, -0.85126, -0.10254, -0.51463
1.89288, 0.24812, 1.43879, 58.615, -5.803, 100.780, -0.84847, -0.10794, -0.51811
1.89410, 0.23267, 1.44751, 58.579, -5.776, 101.037, -0.84762, -0.11187, -0.51868
1.89540, 0.21980, 1.45490, 58.615, -5.809, 101.137, -0.84779, -0.11318, -0.51811
1.89679, 0.20721, 1.46268, 58.413, -5.979, 101.141, -0.84634, -0.11108, -0.52094
1.89887, 0.19075, 1.47286, 58.272, -6.352, 101.188, -0.84568, -0.10796, -0.52266
1.90150, 0.17120, 1.48480, 58.253, -6.863, 101.322, -0.84618, -0.10530, -0.52240
1.90362, 0.15614, 1.49379, 58.570, -7.322, 101.343, -0.84968, -0.10266, -0.51720
1.90545, 0.14199, 1.50276, 58.667, -7.779, 101.300, -0.85139, -0.09835, -0.51523
1.90740, 0.12680, 1.51290, 58.653, -8.247, 100.941, -0.85267, -0.08884, -0.51485
1.91093, 0.10549, 1.52665, 59.010, -8.815, 100.333, -0.85751, -0.07615, -0.50881
1.91451, 0.08587, 1.53900, 59.367, -9.114, 99.772, -0.86167, -0.06650, -0.50310
1.91780, 0.06900, 1.54930, 59.561, -9.163, 99.292, -0.86388, -0.05960, -0.50015
1.92087, 0.05201, 1.55973, 59.661, -9.110, 98.734, -0.86519, -0.05200, -0.49874
1.92496, 0.02996, 1.57279, 59.789, -8.831, 97.815, -0.86666, -0.04098, -0.49721
1.92990, 0.00380, 1.58770, 59.917, -8.342, 96.587, -0.86793, -0.02703, -0.49595
1.93379, -0.01722, 1.59868, 59.854, -7.776, 95.569, -0.86726, -0.01629, -0.49759
1.93769, -0.03800, 1.60867, 59.946, -7.188, 94.448, -0.86781, -0.00466, -0.49687
1.94190, -0.06120, 1.61890, 60.301, -6.600, 93.154, -0.87046, 0.00906, -0.49216
1.94692, -0.09375, 1.63202, 60.138, -5.949, 91.561, -0.86831, 0.02796, -0.49524
1.95109, -0.12375, 1.64318, 59.825, -5.533, 90.436, -0.86483, 0.04188, -0.50031
1.95420, -0.14960, 1.65170, 59.494, -5.355, 89.801, -0.86141, 0.05037, -0.50541
1.95718, -0.17591, 1.65965, 59.440, -5.202, 88.998, -0.86016, 0.06114, -0.50635
1.96010, -0.21004, 1.66887, 59.200, -4.768, 87.939, -0.85687, 0.07343, -0.51028
1.96280, -0.25020, 1.67890, 58.759, -4.062, 86.694, -0.85145, 0.08599, -0.51733
1.96446, -0.28148, 1.68581, 58.739, -3.488, 85.717, -0.85007, 0.09533, -0.51797
1.96549, -0.31117, 1.69173, 58.652, -2.888, 84.805, -0.84814, 0.10343, -0.51957
1.96590, -0.34300, 1.69750, 58.404, -2.160, 83.886, -0.84482, 0.11035, -0.52355
1.96584, -0.38668, 1.70469, 58.195, -0.960, 82.799, -0.84204, 0.11529, -0.52695
1.96546, -0.42529, 1.71050, 58.053, -0.027, 81.917, -0.84008, 0.11955, -0.52913
1.96440, -0.45660, 1.71450, 58.002, 0.544, 81.281, -0.83903, 0.12359, -0.52987
1.96286, -0.48788, 1.71791, 58.171, 1.112, 80.694, -0.84010, 0.12729, -0.52728
1.96021, -0.52658, 1.72089, 58.836, 1.844, 80.003, -0.84558, 0.13215, -0.51723
1.95660, -0.57060, 1.72350, 59.767, 2.647, 79.256, -0.85318, 0.13822, -0.50298
1.95321, -0.60327, 1.72544, 59.994, 2.954, 78.810, -0.85452, 0.14276, -0.49942
1.94991, -0.63346, 1.72689, 60.313, 3.073, 78.524, -0.85666, 0.14683, -0.49455
1.94630, -0.66500, 1.72790, 60.830, 3.121, 78.396, -0.86067, 0.14965, -0.48668
1.94056, -0.70636, 1.72869, 61.260, 3.270, 78.542, -0.86478, 0.14731, -0.48006
1.93526, -0.74220, 1.72876, 61.572, 3.430, 78.827, -0.86827, 0.14247, -0.47519
1.93080, -0.77040, 1.72850, 61.715, 3.539, 79.168, -0.87041, 0.13676, -0.47296
1.92627, -0.79716, 1.72827, 61.695, 3.527, 79.418, -0.87082, 0.13301, -0.47327
1.92066, -0.82904, 1.72707, 61.810, 3.434, 79.673, -0.87218, 0.13016, -0.47155
1.91430, -0.86440, 1.72430, 62.439, 3.177, 79.941, -0.87737, 0.12959, -0.46198
1.90965, -0.88923, 1.72167, 63.022, 2.959, 80.158, -0.88206, 0.12926, -0.45305
1.90507, -0.91162, 1.71899, 63.179, 2.749, 80.441, -0.88362, 0.12686, -0.45069
1.89990, -0.93460, 1.71610, 63.204, 2.511, 80.802, -0.88430, 0.12318, -0.45039
1.89297, -0.96362, 1.71209, 63.454, 2.061, 81.203, -0.88651, 0.12093, -0.44662
1.88672, -0.98809, 1.70864, 63.640, 1.767, 81.474, -0.88815, 0.11931, -0.44379
1.88140, -1.00680, 1.70600, 63.676, 1.707, 81.609, -0.88863, 0.11773, -0.44325
1.87581, -1.02509, 1.70353, 63.453, 1.872, 81.804, -0.88751, 0.11308, -0.44670
1.86824, -1.04640, 1.70037, 63.139, 2.060, 81.850, -0.88540, 0.11039, -0.45153
1.85910, -1.06980, 1.69660, 62.921, 2.189, 81.854, -0.88386, 0.10895, -0.45489
1.85188, -1.08736, 1.69351, 63.115, 2.235, 81.865, -0.88544, 0.10876, -0.45186
1.84468, -1.10331, 1.69045, 63.438, 2.271, 81.938, -0.88809, 0.10790, -0.44682
1.83650, -1.11960, 1.68720, 63.779, 2.350, 82.113, -0.89110, 0.10515, -0.44147
1.82475, -1.14080, 1.68333, 63.965, 2.744, 82.186, -0.89304, 0.10134, -0.43842
1.81441, -1.15866, 1.68018, 64.281, 3.375, 82.173, -0.89602, 0.09738, -0.43321
1.80610, -1.17220, 1.67790, 64.733, 4.071, 82.111, -0.89993, 0.09411, -0.42576
1.79745, -1.18564, 1.67574, 65.090, 4.529, 82.168, -0.90304, 0.09064, -0.41987
1.78667, -1.20092, 1.67358, 65.322, 4.540, 82.144, -0.90466, 0.09146, -0.41621
1.77440, -1.21720, 1.67160, 65.431, 4.377, 81.843, -0.90477, 0.09763, -0.41457
1.76520, -1.22872, 1.67061, 65.505, 4.451, 81.415, -0.90460, 0.10402, -0.41337
1.75659, -1.23882, 1.67004, 65.451, 4.608, 80.971, -0.90358, 0.10979, -0.41412
1.74750, -1.24880, 1.66960, 65.174, 4.754, 80.475, -0.90083, 0.11588, -0.41842
1.73565, -1.26107, 1.66868, 65.043, 4.643, 79.645, -0.89800, 0.12937, -0.42055
1.72547, -1.27109, 1.66779, 64.958, 4.427, 78.655, -0.89472, 0.14619, -0.42203
1.71750, -1.27840, 1.66700, 64.917, 4.161, 77.573, -0.89109, 0.16487, -0.42282
1.70968, -1.28543, 1.66620, 64.940, 3.927, 76.528, -0.88770, 0.18282, -0.42257
1.70012, -1.29355, 1.66506, 64.946, 3.659, 75.194, -0.88273, 0.20538, -0.42261
1.68930, -1.30240, 1.66370, 64.875, 3.365, 73.682, -0.87592, 0.23046, -0.42386
1.68128, -1.30875, 1.66290, 64.514, 3.142, 72.717, -0.86894, 0.24566, -0.42965
1.67370, -1.31500, 1.66205, 64.103, 2.907, 71.868, -0.86180, 0.25891, -0.43619
1.66550, -1.32200, 1.66090, 63.798, 2.624, 71.003, -0.85495, 0.27295, -0.44108
1.65435, -1.33108, 1.65898, 63.730, 2.208, 69.979, -0.84836, 0.29099, -0.44228
1.64443, -1.33910, 1.65743, 63.630, 1.914, 69.042, -0.84197, 0.30661, -0.44392
1.63630, -1.34560, 1.65650, 63.459, 1.755, 68.202, -0.83573, 0.31948, -0.44663
1.62841, -1.35183, 1.65592, 63.350, 1.541, 67.268, -0.82900, 0.33424, -0.44837
1.61848, -1.35909, 1.65543, 62.986, 1.154, 66.250, -0.81913, 0.35044, -0.45412
1.60700, -1.36700, 1.65510, 62.399, 0.645, 65.255, -0.80700, 0.36621, -0.46329
1.59840, -1.37267, 1.65513, 62.065, 0.352, 64.700, -0.79997, 0.37496, -0.46846
1.59044, -1.37773, 1.65534, 61.572, 0.111, 64.192, -0.79210, 0.38203, -0.47605
1.58210, -1.38280, 1.65580, 60.823, -0.143, 63.652, -0.78187, 0.38860, -0.48751
1.57104, -1.38893, 1.65634, 59.771, -0.532, 63.125, -0.76859, 0.39474, -0.50343
1.56154, -1.39411, 1.65657, 58.937, -0.871, 62.779, -0.75814, 0.39881, -0.51592
1.55360, -1.39860, 1.65660, 58.323, -1.104, 62.665, -0.75135, 0.39977, -0.52503
1.54255, -1.40561, 1.65634, 57.317, -1.185, 62.978, -0.74471, 0.39234, -0.53988
1.53316, -1.41185, 1.65557, 56.583, -1.322, 63.345, -0.74028, 0.38582, -0.55057
1.52600, -1.41680, 1.65440, 56.147, -1.524, 63.624, -0.73744, 0.38221, -0.55686
1.51877, -1.42152, 1.65320, 55.489, -1.617, 63.862, -0.73270, 0.37737, -0.56634
1.51206, -1.42667, 1.65182, 54.818, -1.569, 64.040, -0.72796, 0.37196, -0.57595
1.50540, -1.43240, 1.65000, 54.107, -1.257, 64.164, -0.72353, 0.36462, -0.58613
1.49658, -1.43855, 1.64679, 52.837, -0.926, 64.285, -0.71376, 0.35458, -0.60401
1.48885, -1.44389, 1.64300, 52.542, -0.843, 64.293, -0.71135, 0.35239, -0.60812
1.48260, -1.44840, 1.63880, 52.531, -0.834, 64.258, -0.71107, 0.35269, -0.60827
1.47638, -1.45304, 1.63442, 52.494, -0.720, 64.500, -0.71271, 0.34844, -0.60879
1.46879, -1.45918, 1.62807, 52.536, -0.633, 64.840, -0.71557, 0.34354, -0.60823
1.46030, -1.46640, 1.62010, 52.845, -0.602, 65.078, -0.72012, 0.34160, -0.60393
1.45427, -1.47164, 1.61352, 53.180, -0.576, 65.047, -0.72325, 0.34318, -0.59927
1.44895, -1.47621, 1.60682, 53.658, -0.471, 64.868, -0.72717, 0.34652, -0.59258
1.44370, -1.48100, 1.59930, 54.263, -0.241, 64.533, -0.73178, 0.35123, -0.58407
1.43730, -1.48863, 1.58922, 54.857, 0.187, 64.144, -0.73667, 0.35493, -0.57562
1.43230, -1.49561, 1.57999, 55.528, 0.508, 63.845, -0.74220, 0.35889, -0.56598
1.42900, -1.50140, 1.57210, 56.262, 0.667, 63.616, -0.74784, 0.36376, -0.55536
1.42610, -1.50716, 1.56429, 56.922, 0.776, 63.176, -0.75110, 0.37152, -0.54573
1.42308, -1.51423, 1.55443, 57.697, 0.849, 62.828, -0.75557, 0.37894, -0.53434
1.42020, -1.52220, 1.54300, 58.599, 0.915, 62.558, -0.76133, 0.38597, -0.52096
1.41906, -1.52797, 1.53427, 59.497, 1.025, 62.066, -0.76546, 0.39561, -0.50750
1.41900, -1.53329, 1.52615, 60.401, 1.235, 61.335, -0.76804, 0.40774, -0.49382
1.41910, -1.53860, 1.51780, 61.267, 1.545, 60.438, -0.76912, 0.42134, -0.48055
1.41993, -1.54448, 1.50727, 61.969, 1.904, 59.686, -0.76988, 0.43206, -0.46969
1.42128, -1.54899, 1.49836, 62.556, 2.159, 58.910, -0.76895, 0.44340, -0.46055
1.42290, -1.55200, 1.49140, 63.056, 2.282, 58.126, -0.76657, 0.45540, -0.45275
1.42456, -1.55488, 1.48432, 63.503, 2.357, 57.582, -0.76532, 0.46429, -0.44577
1.42718, -1.55755, 1.47552, 64.077, 2.390, 56.725, -0.76193, 0.47821, -0.43678
1.43060, -1.55980, 1.46550, 64.699, 2.411, 55.559, -0.75577, 0.49648, -0.42699
1.43337, -1.56070, 1.45826, 64.912, 2.522, 54.629, -0.74930, 0.50903, -0.42360
1.43629, -1.56137, 1.45123, 64.929, 2.547, 53.799, -0.74205, 0.51978, -0.42332
1.43970, -1.56220, 1.44340, 64.935, 2.506, 52.947, -0.73408, 0.53103, -0.42324
1.44445, -1.56362, 1.43287, 65.583, 2.328, 51.617, -0.72419, 0.55223, -0.41303
1.44855, -1.56451, 1.42377, 65.774, 2.161, 50.556, -0.71407, 0.56743, -0.41004
