-112.50000, 53.00000, 10.00000, 90.000, 0.000, -90.000, 1.00000, -0.00000, 0.00000
-112.50002, 52.98713, 10.00016, 90.000, -0.001, -90.001, 1.00000, -0.00002, -0.00001
-112.50008, 52.94706, 10.00066, 89.999, -0.003, -90.005, 1.00000, -0.00008, -0.00002
-112.50018, 52.88272, 10.00145, 89.997, -0.008, -90.010, 1.00000, -0.00018, -0.00005
-112.50029, 52.80527, 10.00242, 89.995, -0.013, -90.017, 1.00000, -0.00030, -0.00008
-112.50040, 52.72922, 10.00337, 89.994, -0.018, -90.025, 1.00000, -0.00043, -0.00011
-112.50047, 52.66447, 10.00418, 89.993, -0.022, -90.032, 1.00000, -0.00055, -0.00013
-112.50053, 52.60708, 10.00490, 89.992, -0.025, -90.038, 1.00000, -0.00066, -0.00014
-112.50060, 52.54963, 10.00564, 89.991, -0.029, -90.044, 1.00000, -0.00076, -0.00016
-112.50066, 52.49162, 10.00638, 89.990, -0.033, -90.050, 1.00000, -0.00088, -0.00018
-112.50070, 52.43252, 10.00714, 89.989, -0.036, -90.057, 1.00000, -0.00100, -0.00019
-112.50073, 52.37207, 10.00789, 89.989, -0.040, -90.066, 1.00000, -0.00116, -0.00020
-112.50077, 52.31035, 10.00865, 89.988, -0.043, -90.076, 1.00000, -0.00133, -0.00020
-112.50080, 52.24780, 10.00940, 89.989, -0.047, -90.087, 1.00000, -0.00152, -0.00020
-112.50082, 52.18439, 10.01014, 89.989, -0.050, -90.099, 1.00000, -0.00174, -0.00018
-112.50084, 52.11970, 10.01089, 89.991, -0.054, -90.113, 1.00000, -0.00197, -0.00016
-112.50085, 52.05349, 10.01164, 89.993, -0.057, -90.128, 1.00000, -0.00223, -0.00013
-112.50085, 51.98589, 10.01241, 89.995, -0.060, -90.143, 1.00000, -0.00250, -0.00010
-112.50085, 51.91730, 10.01319, 89.997, -0.064, -90.159, 1.00000, -0.00278, -0.00006
-112.50085, 51.84735, 10.01396, 89.999, -0.067, -90.177, 1.00000, -0.00308, -0.00002
-112.50083, 51.77539, 10.01471, 90.002, -0.070, -90.196, 0.99999, -0.00343, 0.00004
-112.50079, 51.70190, 10.01547, 90.006, -0.073, -90.217, 0.99999, -0.00379, 0.00011
-112.50076, 51.62793, 10.01627, 90.009, -0.076, -90.237, 0.99999, -0.00414, 0.00016
-112.50070, 51.55470, 10.01713, 90.012, -0.080, -90.255, 0.99999, -0.00445, 0.00020
-112.50065, 51.48290, 10.01806, 90.012, -0.084, -90.270, 0.99999, -0.00472, 0.00021
-112.50060, 51.41233, 10.01903, 90.012, -0.088, -90.284, 0.99999, -0.00496, 0.00021
-112.50054, 51.34262, 10.02004, 90.012, -0.092, -90.297, 0.99999, -0.00518, 0.00020
-112.50047, 51.27354, 10.02110, 90.011, -0.097, -90.308, 0.99999, -0.00538, 0.00019
-112.50039, 51.20461, 10.02225, 90.009, -0.101, -90.317, 0.99998, -0.00552, 0.00015
-112.50030, 51.13530, 10.02346, 90.006, -0.107, -90.321, 0.99998, -0.00560, 0.00010
-112.50019, 51.06530, 10.02474, 90.002, -0.112, -90.322, 0.99998, -0.00563, 0.00003
-112.50008, 50.99656, 10.02604, 89.997, -0.118, -90.322, 0.99998, -0.00562, -0.00005
-112.49997, 50.93030, 10.02738, 89.991, -0.124, -90.322, 0.99998, -0.00561, -0.00016
-112.49985, 50.86420, 10.02878, 89.983, -0.130, -90.321, 0.99998, -0.00560, -0.00029
-112.49970, 50.79491, 10.03030, 89.976, -0.137, -90.320, 0.99998, -0.00558, -0.00042
-112.49951, 50.71988, 10.03193, 89.969, -0.144, -90.319, 0.99998, -0.00557, -0.00055
-112.49928, 50.63850, 10.03366, 89.962, -0.151, -90.319, 0.99998, -0.00557, -0.00066
-112.49904, 50.55471, 10.03548, 89.956, -0.158, -90.319, 0.99998, -0.00558, -0.00077
-112.49879, 50.47020, 10.03739, 89.949, -0.166, -90.322, 0.99998, -0.00562, -0.00088
-112.49852, 50.38093, 10.03941, 89.943, -0.173, -90.329, 0.99998, -0.00574, -0.00100
-112.49817, 50.28252, 10.04156, 89.938, -0.181, -90.342, 0.99998, -0.00597, -0.00109
-112.49775, 50.17289, 10.04379, 89.935, -0.189, -90.361, 0.99998, -0.00631, -0.00114
-112.49726, 50.05290, 10.04608, 89.934, -0.197, -90.386, 0.99998, -0.00674, -0.00116
-112.49673, 49.92551, 10.04840, 89.934, -0.206, -90.414, 0.99997, -0.00724, -0.00116
-112.49615, 49.79021, 10.05078, 89.934, -0.214, -90.447, 0.99997, -0.00781, -0.00115
-112.49551, 49.64412, 10.05325, 89.936, -0.223, -90.486, 0.99996, -0.00849, -0.00112
-112.49477, 49.48629, 10.05583, 89.939, -0.232, -90.532, 0.99996, -0.00930, -0.00106
-112.49393, 49.31871, 10.05852, 89.944, -0.241, -90.585, 0.99995, -0.01022, -0.00098
-112.49303, 49.14480, 10.06128, 89.950, -0.250, -90.643, 0.99994, -0.01122, -0.00086
-112.49208, 48.96539, 10.06411, 89.958, -0.259, -90.704, 0.99992, -0.01229, -0.00073
-112.49107, 48.77761, 10.08212, 89.967, -0.268, -90.771, 0.99991, -0.01345, -0.00057
-112.48997, 48.57974, 10.03117, 89.978, -0.278, -90.844, 0.99989, -0.01473, -0.00038
-112.48876, 48.37227, 10.10609, 89.990, -0.287, -90.924, 0.99987, -0.01612, -0.00017
-112.48747, 48.15811, 10.04241, 90.004, -0.296, -91.008, 0.99985, -0.01760, 0.00007
-112.48610, 47.94070, 10.04957, 90.018, -0.306, -91.095, 0.99982, -0.01911, 0.00032
-112.48468, 47.71918, 10.09433, 90.033, -0.315, -91.185, 0.99979, -0.02068, 0.00058
-112.48318, 47.49017, 10.06641, 90.050, -0.324, -91.280, 0.99975, -0.02234, 0.00087
-112.48159, 47.25374, 10.12084, 90.068, -0.334, -91.381, 0.99971, -0.02409, 0.00119
-112.47990, 47.01220, 10.09384, 90.087, -0.343, -91.484, 0.99966, -0.02590, 0.00151
-112.47812, 46.76910, 10.12265, 90.105, -0.352, -91.589, 0.99961, -0.02772, 0.00183
-112.47630, 46.52730, 10.08936, 90.123, -0.362, -91.692, 0.99956, -0.02952, 0.00214
-112.47444, 46.28642, 10.13677, 90.140, -0.372, -91.795, 0.99951, -0.03130, 0.00245
-112.47255, 46.04446, 10.10849, 90.158, -0.381, -91.898, 0.99945, -0.03310, 0.00275
-112.47057, 45.80056, 10.07012, 90.175, -0.391, -92.003, 0.99939, -0.03492, 0.00306
-112.46849, 45.55403, 10.14461, 90.193, -0.401, -92.108, 0.99932, -0.03676, 0.00336
-112.46631, 45.30483, 10.11342, 90.210, -0.411, -92.215, 0.99925, -0.03862, 0.00366
-112.46404, 45.05350, 10.09773, 90.227, -0.422, -92.322, 0.99917, -0.04049, 0.00396
-112.46172, 44.80161, 10.12548, 90.243, -0.432, -92.429, 0.99909, -0.04236, 0.00425
-112.45937, 44.54934, 10.14147, 90.259, -0.443, -92.536, 0.99901, -0.04422, 0.00453
-112.45691, 44.29471, 10.10217, 90.275, -0.454, -92.644, 0.99893, -0.04610, 0.00480
-112.45432, 44.03560, 10.11676, 90.291, -0.465, -92.754, 0.99883, -0.04801, 0.00508
-112.45156, 43.77099, 10.10048, 90.307, -0.477, -92.867, 0.99874, -0.04998, 0.00535
-112.44868, 43.50130, 10.18458, 90.323, -0.488, -92.983, 0.99863, -0.05200, 0.00564
-112.44572, 43.22897, 10.17372, 90.339, -0.500, -93.101, 0.99852, -0.05404, 0.00592
-112.44270, 42.95430, 10.19708, 90.355, -0.512, -93.219, 0.99841, -0.05610, 0.00620
-112.43954, 42.67461, 10.14412, 90.372, -0.524, -93.341, 0.99828, -0.05821, 0.00649
-112.43618, 42.38754, 10.17945, 90.388, -0.537, -93.466, 0.99815, -0.06039, 0.00678
-112.43259, 42.09258, 10.20980, 90.406, -0.550, -93.596, 0.99801, -0.06265, 0.00708
-112.42882, 41.79100, 10.17421, 90.423, -0.563, -93.730, 0.99786, -0.06498, 0.00738
-112.42495, 41.48546, 10.24534, 90.441, -0.576, -93.866, 0.99770, -0.06734, 0.00769
-112.42098, 41.17557, 10.16480, 90.459, -0.590, -94.005, 0.99753, -0.06975, 0.00801
-112.41681, 40.85818, 10.21738, 90.477, -0.603, -94.148, 0.99735, -0.07224, 0.00833
-112.41234, 40.53101, 10.25138, 90.496, -0.618, -94.296, 0.99716, -0.07482, 0.00866
-112.40758, 40.19425, 10.16912, 90.516, -0.632, -94.451, 0.99695, -0.07750, 0.00900
-112.40256, 39.85000, 10.27315, 90.535, -0.647, -94.610, 0.99673, -0.08026, 0.00934
-112.39739, 39.50075, 10.21408, 90.555, -0.662, -94.771, 0.99650, -0.08306, 0.00968
-112.39207, 39.14533, 10.27729, 90.574, -0.678, -94.936, 0.99625, -0.08592, 0.01003
-112.38646, 38.78054, 10.27339, 90.595, -0.694, -95.106, 0.99599, -0.08887, 0.01038
-112.38047, 38.40458, 10.25427, 90.615, -0.711, -95.283, 0.99571, -0.09195, 0.01073
-112.37408, 38.01847, 10.30818, 90.636, -0.727, -95.468, 0.99540, -0.09513, 0.01110
-112.36739, 37.62500, 10.31514, 90.658, -0.745, -95.657, 0.99508, -0.09841, 0.01148
-112.36046, 37.22417, 10.29041, 90.680, -0.762, -95.851, 0.99474, -0.10177, 0.01186
-112.35324, 36.81287, 10.30724, 90.703, -0.780, -96.051, 0.99437, -0.10524, 0.01226
-112.34565, 36.39088, 10.29104, 90.726, -0.798, -96.258, 0.99398, -0.10882, 0.01267
-112.33765, 35.96101, 10.36169, 90.749, -0.817, -96.471, 0.99356, -0.11251, 0.01308
-112.32932, 35.52805, 10.34597, 90.773, -0.836, -96.688, 0.99313, -0.11625, 0.01349
-112.32079, 35.09600, 10.36700, 90.796, -0.855, -96.906, 0.99267, -0.12002, 0.01390
-112.31214, 34.66453, 10.35460, 90.819, -0.874, -97.124, 0.99221, -0.12379, 0.01430
-112.30328, 34.23080, 10.34058, 90.842, -0.893, -97.344, 0.99172, -0.12759, 0.01469
-112.29411, 33.79342, 10.36621, 90.865, -0.912, -97.569, 0.99121, -0.13146, 0.01509
-112.28452, 33.35153, 10.42089, 90.888, -0.931, -97.798, 0.99067, -0.13541, 0.01549
-112.27456, 32.90537, 10.43913, 90.912, -0.951, -98.032, 0.99010, -0.13945, 0.01591
-112.26431, 32.45600, 10.45286, 90.936, -0.970, -98.270, 0.98951, -0.14354, 0.01633
-112.25389, 32.00460, 10.40185, 90.960, -0.989, -98.510, 0.98889, -0.14768, 0.01676
-112.24326, 31.55062, 10.41633, 90.985, -1.009, -98.754, 0.98825, -0.15187, 0.01719
-112.23226, 31.09248, 10.43410, 91.011, -1.028, -99.002, 0.98758, -0.15613, 0.01764
-112.22078, 30.62916, 10.46309, 91.037, -1.048, -99.256, 0.98687, -0.16050, 0.01809
-112.20884, 30.16093, 10.47989, 91.063, -1.068, -99.516, 0.98613, -0.16496, 0.01855
-112.19653, 29.68900, 10.51936, 91.090, -1.088, -99.780, 0.98535, -0.16949, 0.01902
-112.18399, 29.21446, 10.55036, 91.117, -1.108, -100.047, 0.98454, -0.17406, 0.01949
-112.17120, 28.73652, 10.52326, 91.145, -1.128, -100.318, 0.98370, -0.17869, 0.01997
-112.15796, 28.25373, 10.55823, 91.173, -1.148, -100.594, 0.98282, -0.18341, 0.02046
-112.14412, 27.76543, 10.55825, 91.201, -1.169, -100.877, 0.98190, -0.18824, 0.02096
-112.12971, 27.27235, 10.55517, 91.230, -1.189, -101.166, 0.98093, -0.19317, 0.02146
-112.11486, 26.77600, 10.58018, 91.258, -1.211, -101.460, 0.97992, -0.19818, 0.02195
-112.09974, 26.27723, 10.55081, 91.287, -1.232, -101.756, 0.97888, -0.20322, 0.02245
-112.08429, 25.77498, 10.66315, 91.315, -1.253, -102.056, 0.97779, -0.20832, 0.02295
-112.06828, 25.26792, 10.67496, 91.344, -1.275, -102.362, 0.97666, -0.21352, 0.02345
-112.05155, 24.75557, 10.66381, 91.373, -1.297, -102.676, 0.97547, -0.21884, 0.02395
-112.03414, 24.23876, 10.66195, 91.401, -1.319, -102.997, 0.97422, -0.22428, 0.02445
-112.01617, 23.71900, 10.65727, 91.430, -1.342, -103.323, 0.97292, -0.22979, 0.02495
-111.99786, 23.19636, 10.74072, 91.459, -1.365, -103.652, 0.97157, -0.23536, 0.02545
-111.97910, 22.66935, 10.75735, 91.488, -1.388, -103.987, 0.97018, -0.24101, 0.02595
-111.95967, 22.13764, 10.74580, 91.516, -1.411, -104.328, 0.96872, -0.24676, 0.02645
-111.93940, 21.60213, 10.75909, 91.545, -1.435, -104.678, 0.96718, -0.25264, 0.02695
-111.91838, 21.06469, 10.74497, 91.573, -1.459, -105.035, 0.96559, -0.25863, 0.02745
-111.89680, 20.52700, 10.79438, 91.602, -1.484, -105.396, 0.96393, -0.26469, 0.02794
-111.87479, 19.98736, 10.77008, 91.630, -1.508, -105.762, 0.96221, -0.27080, 0.02843
-111.85221, 19.44354, 10.86792, 91.658, -1.533, -106.133, 0.96043, -0.27701, 0.02892
-111.82887, 18.89711, 10.82318, 91.686, -1.558, -106.512, 0.95857, -0.28333, 0.02941
-111.80471, 18.35104, 10.83225, 91.713, -1.584, -106.897, 0.95664, -0.28974, 0.02988
-111.77988, 17.80821, 10.90289, 91.740, -1.610, -107.288, 0.95464, -0.29622, 0.03036
-111.75465, 17.27000, 10.88136, 91.767, -1.635, -107.680, 0.95258, -0.30272, 0.03082
-111.72910, 16.73447, 10.95285, 91.793, -1.661, -108.074, 0.95047, -0.30923, 0.03127
-111.70309, 16.20028, 11.01970, 91.818, -1.687, -108.471, 0.94830, -0.31578, 0.03171
-111.67639, 15.66879, 10.95635, 91.843, -1.713, -108.873, 0.94606, -0.32239, 0.03214
-111.64894, 15.14110, 11.00530, 91.867, -1.740, -109.280, 0.94374, -0.32908, 0.03257
-111.62085, 14.61741, 11.01295, 91.892, -1.766, -109.692, 0.94134, -0.33583, 0.03300
-111.59230, 14.09700, 11.04737, 91.917, -1.792, -110.108, 0.93888, -0.34262, 0.03344
-111.56344, 13.57883, 11.04165, 91.943, -1.818, -110.526, 0.93635, -0.34943, 0.03388
-111.53413, 13.06330, 11.13591, 91.968, -1.845, -110.948, 0.93375, -0.35627, 0.03432
-111.50417, 12.55165, 11.15767, 91.993, -1.871, -111.374, 0.93107, -0.36318, 0.03476
-111.47346, 12.04450, 11.15349, 92.019, -1.897, -111.806, 0.92830, -0.37015, 0.03521
-111.44209, 11.54134, 11.19496, 92.046, -1.923, -112.244, 0.92545, -0.37719, 0.03568
-111.41025, 11.04100, 11.23675, 92.073, -1.949, -112.685, 0.92251, -0.38427, 0.03616
-111.37811, 10.54260, 11.22733, 92.102, -1.976, -113.129, 0.91950, -0.39137, 0.03665
-111.34553, 10.04688, 11.22444, 92.130, -2.002, -113.576, 0.91642, -0.39849, 0.03715
-111.31229, 9.55514, 11.24909, 92.159, -2.028, -114.028, 0.91324, -0.40568, 0.03765
-111.27827, 9.06803, 11.31443, 92.190, -2.054, -114.487, 0.90996, -0.41293, 0.03819
-111.24353, 8.58505, 11.24528, 92.222, -2.080, -114.951, 0.90658, -0.42026, 0.03874
-111.20830, 8.10500, 11.29670, 92.255, -2.106, -115.420, 0.90310, -0.42762, 0.03932
-111.17272, 7.62662, 11.28511, 92.289, -2.132, -115.892, 0.89955, -0.43500, 0.03991
-111.13670, 7.15048, 11.28497, 92.323, -2.157, -116.368, 0.89590, -0.44240, 0.04051
-111.09998, 6.67836, 11.30420, 92.359, -2.183, -116.849, 0.89215, -0.44986, 0.04114
-111.06242, 6.21159, 11.35765, 92.397, -2.209, -117.338, 0.88828, -0.45740, 0.04179
-111.02406, 5.75017, 11.33193, 92.436, -2.235, -117.833, 0.88429, -0.46500, 0.04247
-110.98510, 5.29300, 11.35894, 92.476, -2.261, -118.333, 0.88019, -0.47265, 0.04316
-110.94572, 4.83774, 11.43924, 92.516, -2.287, -118.836, 0.87600, -0.48031, 0.04386
-110.90575, 4.38445, 11.40315, 92.557, -2.313, -119.345, 0.87170, -0.48801, 0.04458
-110.86499, 3.93613, 11.41164, 92.600, -2.340, -119.860, 0.86727, -0.49577, 0.04532
-110.82338, 3.49556, 11.44212, 92.644, -2.366, -120.382, 0.86272, -0.50359, 0.04609
-110.78104, 3.06358, 11.48489, 92.689, -2.393, -120.910, 0.85804, -0.51144, 0.04687
-110.73825, 2.63900, 11.49616, 92.734, -2.419, -121.440, 0.85326, -0.51930, 0.04766
-110.69506, 2.21811, 11.42830, 92.781, -2.446, -121.974, 0.84838, -0.52716, 0.04847
-110.65126, 1.80072, 11.47757, 92.828, -2.473, -122.513, 0.84339, -0.53504, 0.04929
-110.60674, 1.39125, 11.50232, 92.876, -2.500, -123.058, 0.83826, -0.54296, 0.05013
-110.56148, 0.99365, 11.50732, 92.926, -2.527, -123.607, 0.83301, -0.55090, 0.05099
-110.51572, 0.60889, 11.54399, 92.975, -2.554, -124.159, 0.82766, -0.55882, 0.05186
-110.46970, 0.23500, 11.46922, 93.025, -2.581, -124.712, 0.82223, -0.56671, 0.05272
-110.42344, -0.13234, 11.50510, 93.075, -2.608, -125.266, 0.81671, -0.57455, 0.05359
-110.37672, -0.49258, 11.48296, 93.126, -2.635, -125.823, 0.81109, -0.58238, 0.05447
-110.32946, -0.84062, 11.48475, 93.177, -2.663, -126.383, 0.80536, -0.59020, 0.05536
-110.28171, -1.17281, 11.55132, 93.229, -2.690, -126.946, 0.79952, -0.59800, 0.05626
-110.23360, -1.48946, 11.52238, 93.280, -2.718, -127.510, 0.79360, -0.60575, 0.05716
-110.18535, -1.79400, 11.48374, 93.331, -2.745, -128.074, 0.78760, -0.61344, 0.05805
-110.13692, -2.09098, 11.49026, 93.383, -2.773, -128.639, 0.78152, -0.62109, 0.05894
-110.08817, -2.37879, 11.47398, 93.434, -2.801, -129.205, 0.77535, -0.62869, 0.05983
-110.03902, -2.65156, 11.45414, 93.486, -2.828, -129.773, 0.76909, -0.63625, 0.06073
-109.98959, -2.90537, 11.53570, 93.537, -2.856, -130.342, 0.76274, -0.64377, 0.06162
-109.93996, -3.14108, 11.49716, 93.588, -2.884, -130.910, 0.75632, -0.65121, 0.06250
-109.89030, -3.36300, 11.49300, 93.637, -2.912, -131.478, 0.74983, -0.65859, 0.06336
-109.84053, -3.57531, 11.48870, 93.686, -2.940, -132.046, 0.74328, -0.66589, 0.06421
-109.79053, -3.77526, 11.48398, 93.735, -2.969, -132.615, 0.73665, -0.67314, 0.06505
-109.74032, -3.95734, 11.47865, 93.783, -2.997, -133.183, 0.72994, -0.68033, 0.06589
-109.68999, -4.11897, 11.47264, 93.830, -3.025, -133.752, 0.72317, -0.68744, 0.06670
-109.63968, -4.26269, 11.46602, 93.876, -3.054, -134.318, 0.71635, -0.69447, 0.06751
-109.58945, -4.39400, 11.45900, 93.922, -3.082, -134.884, 0.70947, -0.70142, 0.06831
-109.53922, -4.52108, 11.45177, 93.968, -3.110, -135.449, 0.70254, -0.70828, 0.06910
-109.48891, -4.64294, 11.44424, 94.013, -3.139, -136.013, 0.69555, -0.71507, 0.06987
-109.43858, -4.74811, 11.43614, 94.057, -3.167, -136.576, 0.68851, -0.72178, 0.07064
-109.38831, -4.82524, 11.42722, 94.101, -3.196, -137.138, 0.68142, -0.72840, 0.07140
-109.33820, -4.87000, 11.41746, 94.144, -3.224, -137.698, 0.67429, -0.73494, 0.07216
-109.28825, -4.88600, 11.40700, 94.189, -3.253, -138.257, 0.66710, -0.74139, 0.07292
-109.23842, -4.88950, 11.39618, 94.233, -3.281, -138.816, 0.65986, -0.74777, 0.07369
-109.18865, -4.89217, 11.38497, 94.276, -3.310, -139.374, 0.65257, -0.75406, 0.07444
-109.13902, -4.89387, 11.37297, 94.320, -3.338, -139.931, 0.64524, -0.76027, 0.07520
-109.08957, -4.89471, 11.35983, 94.364, -3.367, -140.486, 0.63787, -0.76639, 0.07597
-109.04031, -4.89497, 11.34547, 94.410, -3.395, -141.039, 0.63047, -0.77241, 0.07675
-108.99120, -4.89500, 11.33010, 94.456, -3.424, -141.592, 0.62302, -0.77835, 0.07756
-108.94212, -4.88294, 11.31419, 94.503, -3.453, -142.144, 0.61551, -0.78422, 0.07838
-108.89307, -4.84324, 11.29771, 94.551, -4.108, -142.697, 0.60864, -0.78949, 0.07914
-108.84418, -4.77411, 11.28009, 94.599, -4.112, -143.248, 0.60103, -0.79522, 0.07997
-108.79562, -4.68160, 11.26087, 94.649, -4.354, -143.797, 0.59367, -0.80064, 0.08081
-108.74747, -4.57764, 11.23997, 94.701, -3.052, -144.342, 0.58453, -0.80723, 0.08184
-108.69970, -4.47300, 11.21770, 94.756, -2.860, -144.884, 0.57664, -0.81279, 0.08280
-108.65210, -4.36634, 11.19417, 94.812, -3.861, -145.424, 0.57015, -0.81727, 0.08369
-108.60460, -4.24930, 11.16901, 94.870, -2.972, -145.964, 0.56134, -0.82323, 0.08479
-108.55747, -4.11916, 11.14214, 94.931, -3.228, -146.501, 0.55391, -0.82814, 0.08582
-108.51097, -3.97587, 11.11392, 94.994, -3.880, -147.033, 0.54704, -0.83259, 0.08685
-108.46516, -3.82271, 11.08507, 95.057, -3.170, -147.557, 0.53848, -0.83803, 0.08802
-108.42000, -3.66400, 11.05620, 95.121, -4.559, -148.076, 0.53270, -0.84161, 0.08898
-108.37521, -3.50183, 11.02695, 95.186, -3.962, -148.592, 0.52432, -0.84673, 0.09017
-108.33079, -3.33352, 10.99666, 95.252, -3.433, -149.105, 0.51602, -0.85169, 0.09138
-108.28705, -3.15524, 10.96556, 95.320, -3.182, -149.611, 0.50812, -0.85629, 0.09258
-108.24419, -2.96444, 10.93420, 95.388, -3.558, -150.109, 0.50120, -0.86024, 0.09372
-108.20220, -2.76173, 10.90318, 95.455, -3.500, -150.598, 0.49376, -0.86441, 0.09488
-108.16090, -2.55000, 10.87289, 95.519, -3.082, -151.080, 0.48587, -0.86874, 0.09603
-108.12003, -2.33013, 10.84275, 95.582, -4.424, -151.557, 0.48062, -0.87155, 0.09698
-108.07965, -2.09921, 10.81231, 95.645, -3.781, -152.029, 0.47248, -0.87586, 0.09815
-108.04014, -1.85604, 10.78204, 95.707, -3.762, -152.492, 0.46536, -0.87954, 0.09922
-108.00169, -1.60249, 10.75259, 95.766, -4.424, -152.945, 0.45944, -0.88254, 0.10018
-107.96427, -1.34301, 10.72440, 95.824, -4.767, -153.387, 0.45318, -0.88566, 0.10111
-107.92765, -1.08200, 10.69750, 95.878, -3.602, -153.822, 0.44462, -0.88987, 0.10221
-107.89157, -0.81850, 10.67161, 95.931, -4.917, -154.251, 0.44008, -0.89204, 0.10295
-107.85616, -0.54868, 10.64672, 95.982, -4.086, -154.674, 0.43214, -0.89579, 0.10395
-107.82178, -0.27214, 10.62303, 96.030, -4.805, -155.088, 0.42688, -0.89823, 0.10469
-107.78857, 0.00975, 10.60047, 96.076, -3.333, -155.488, 0.41815, -0.90221, 0.10567
-107.75645, 0.29429, 10.57869, 96.120, -4.585, -155.878, 0.41414, -0.90399, 0.10626
-107.72510, 0.57900, 10.55727, 96.162, -4.236, -156.258, 0.40755, -0.90689, 0.10704
-107.69432, 0.86652, 10.53634, 96.202, -4.015, -156.633, 0.40125, -0.90961, 0.10777
-107.66434, 1.16012, 10.51631, 96.240, -4.604, -156.998, 0.39647, -0.91163, 0.10834
-107.63544, 1.45737, 10.49715, 96.275, -4.074, -157.353, 0.38992, -0.91437, 0.10902
-107.60770, 1.75374, 10.47855, 96.309, -4.947, -157.695, 0.38601, -0.91597, 0.10948
-107.58090, 2.04494, 10.46006, 96.343, -4.343, -158.026, 0.37965, -0.91855, 0.11017
-107.55470, 2.32900, 10.44134, 96.379, -4.200, -158.351, 0.37420, -0.92070, 0.11081
-107.52895, 2.60755, 10.42245, 96.416, -3.601, -158.671, 0.36798, -0.92312, 0.11153
-107.50391, 2.88176, 10.40363, 96.454, -4.564, -158.984, 0.36471, -0.92435, 0.11205
-107.47984, 3.15129, 10.38496, 96.492, -4.362, -159.286, 0.35948, -0.92632, 0.11274
-107.45680, 3.41698, 10.36655, 96.530, -4.785, -159.576, 0.35559, -0.92775, 0.11333
-107.43462, 3.68065, 10.34842, 96.567, -4.295, -159.857, 0.35015, -0.92972, 0.11405
-107.41300, 3.94400, 10.33054, 96.603, -4.624, -160.130, 0.34635, -0.93108, 0.11462
-107.39182, 4.20945, 10.31257, 96.639, -4.698, -160.398, 0.34215, -0.93256, 0.11522
-107.37129, 4.47718, 10.29439, 96.674, -4.737, -160.659, 0.33800, -0.93399, 0.11582
-107.35165, 4.74333, 10.27641, 96.709, -4.929, -160.910, 0.33430, -0.93525, 0.11639
-107.33294, 5.00291, 10.25916, 96.742, -5.469, -161.149, 0.33146, -0.93620, 0.11687
-107.31499, 5.25257, 10.24301, 96.774, -3.854, -161.380, 0.32458, -0.93851, 0.11769
-107.29750, 5.49200, 10.22797, 96.805, -5.302, -161.604, 0.32375, -0.93876, 0.11798
-107.28036, 5.72259, 10.21377, 96.834, -4.020, -161.824, 0.31765, -0.94075, 0.11871
-107.26377, 5.94378, 10.20041, 96.863, -4.307, -162.037, 0.31474, -0.94167, 0.11916
-107.24796, 6.15520, 10.18810, 96.891, -4.874, -162.240, 0.31254, -0.94235, 0.11954
-107.23299, 6.35916, 10.17681, 96.916, -4.097, -162.433, 0.30782, -0.94383, 0.12011
-107.21875, 6.55989, 10.16626, 96.939, -4.529, -162.619, 0.30565, -0.94450, 0.12044
-107.20500, 6.76100, 10.15610, 96.960, -4.897, -162.799, 0.30343, -0.94517, 0.12074
-107.19161, 6.96443, 10.14626, 96.980, -4.113, -162.975, 0.29895, -0.94654, 0.12120
-107.17878, 7.16884, 10.13699, 96.997, -4.754, -163.146, 0.29744, -0.94699, 0.12140
-107.16668, 7.37011, 10.12849, 97.012, -4.802, -163.308, 0.29486, -0.94777, 0.12165
-107.15536, 7.56331, 10.12083, 97.025, -4.724, -163.461, 0.29218, -0.94856, 0.12188
-107.14472, 7.74553, 10.11385, 97.037, -5.271, -163.606, 0.29092, -0.94894, 0.12199
-107.13450, 7.91700, 10.10731, 97.048, -5.497, -163.744, 0.28910, -0.94948, 0.12214
-107.12453, 8.08301, 10.10132, 97.059, -5.100, -163.879, 0.28606, -0.95036, 0.12240
-107.11496, 8.24481, 10.09618, 97.068, -3.842, -164.010, 0.28130, -0.95173, 0.12276
-107.10603, 8.39676, 10.09180, 97.075, -5.400, -164.133, 0.28248, -0.95140, 0.12262
-107.09793, 8.53372, 10.08782, 97.082, -4.517, -164.244, 0.27882, -0.95245, 0.12291
-107.09066, 8.65433, 10.08376, 97.090, -4.860, -164.343, 0.27789, -0.95271, 0.12298
-107.08400, 8.76100, 10.07933, 97.100, -5.280, -164.432, 0.27729, -0.95287, 0.12307
-107.07755, 8.86097, 10.07475, 97.111, -4.766, -164.517, 0.27481, -0.95355, 0.12336
-107.07124, 8.95459, 10.07032, 97.122, -5.440, -164.600, 0.27485, -0.95353, 0.12343
-107.06568, 9.03315, 10.06591, 97.135, -5.305, -164.672, 0.27338, -0.95392, 0.12367
-107.06143, 9.08871, 10.06134, 97.148, -4.970, -164.724, 0.27182, -0.95433, 0.12397
-107.05875, 9.11911, 10.05646, 97.162, -4.910, -164.754, 0.27121, -0.95447, 0.12422
-107.05750, 9.12800, 10.05123, 97.177, -4.528, -164.762, 0.27028, -0.95469, 0.12454
-107.05692, 9.12800, 10.04542, 97.192, -4.375, -164.762, 0.26997, -0.95474, 0.12483
-107.05647, 9.12800, 10.03885, 97.209, -4.820, -164.762, 0.27092, -0.95444, 0.12505
-107.05619, 9.12800, 10.03190, 97.227, -5.196, -164.761, 0.27174, -0.95418, 0.12528
-107.05605, 9.12800, 10.02522, 97.245, -4.178, -164.760, 0.26963, -0.95471, 0.12577
-107.05601, 9.12800, 10.01940, 97.261, -4.487, -164.757, 0.27034, -0.95448, 0.12601
-107.05600, 9.12800, 10.01466, 97.276, -4.235, -164.754, 0.26987, -0.95458, 0.12630
-107.05643, 9.11239, 10.01059, 97.290, -4.843, -164.743, 0.27136, -0.95413, 0.12645
-107.05782, 9.06398, 10.00695, 97.306, -4.679, -164.715, 0.27149, -0.95406, 0.12674
-107.06019, 8.98662, 10.00406, 97.321, -4.833, -164.671, 0.27256, -0.95373, 0.12697
-107.06328, 8.89418, 10.00212, 97.332, -4.830, -164.617, 0.27346, -0.95344, 0.12717
-107.06668, 8.80433, 10.00111, 97.339, -4.827, -164.561, 0.27439, -0.95316, 0.12729
-107.07000, 8.72900, 10.00083, 97.341, -4.824, -164.509, 0.27525, -0.95290, 0.12732
-107.07342, 8.66244, 10.00085, 97.341, -4.820, -164.458, 0.27610, -0.95266, 0.12733
-107.07727, 8.59532, 10.00098, 97.341, -4.817, -164.402, 0.27702, -0.95239, 0.12732
-107.08151, 8.52821, 10.00139, 97.340, -4.813, -164.342, 0.27800, -0.95211, 0.12731
-107.08595, 8.46195, 10.00224, 97.339, -4.808, -164.281, 0.27900, -0.95182, 0.12730
-107.09032, 8.39717, 10.00357, 97.338, -4.804, -164.222, 0.27998, -0.95153, 0.12727
-107.09450, 8.33400, 10.00532, 97.336, -4.800, -164.165, 0.28091, -0.95126, 0.12724
-107.09908, 8.26433, 10.00834, 97.330, -4.795, -164.103, 0.28192, -0.95098, 0.12714
-107.10450, 8.18359, 10.01341, 97.318, -4.789, -164.031, 0.28310, -0.95065, 0.12693
-107.11005, 8.10217, 10.01964, 97.302, -4.783, -163.958, 0.28429, -0.95034, 0.12666
-107.11468, 8.03498, 10.02543, 97.286, -4.778, -163.897, 0.28528, -0.95008, 0.12639
-107.11758, 7.99334, 10.02930, 97.276, -4.775, -163.859, 0.28589, -0.94992, 0.12621
-107.11850, 7.98000, 10.03060, 97.272, -4.774, -163.847, 0.28608, -0.94987, 0.12615
-107.11850, 7.98000, 10.03060, 97.272, -4.774, -163.847, 0.28608, -0.94987, 0.12615
-107.11850, 7.98000, 10.03060, 97.272, -4.774, -163.847, 0.28608, -0.94987, 0.12615
-107.11850, 7.98000, 10.03060, 97.272, -4.774, -163.847, 0.28608, -0.94987, 0.12615
-107.11850, 7.98000, 10.03060, 97.272, -4.774, -163.847, 0.28608, -0.94987, 0.12615
-107.11850, 7.98000, 10.03060, 97.272, -4.774, -163.847, 0.28608, -0.94987, 0.12615
