-3.00000, 1.50000, 1.80000, 75.000, 0.000, 0.000, 0.00000, 0.96593, -0.25882
-2.99838, 1.50317, 1.79996, 75.066, 0.148, -0.018, -0.00036, 0.96622, -0.25771
-2.99420, 1.51157, 1.79959, 75.212, 0.476, -0.062, -0.00107, 0.96688, -0.25524
-2.99036, 1.51975, 1.79868, 75.293, 0.658, -0.096, -0.00130, 0.96724, -0.25386
-2.98805, 1.52459, 1.79617, 75.230, 0.627, -0.110, -0.00094, 0.96696, -0.25492
-2.98633, 1.52815, 1.79004, 75.025, 0.521, -0.116, -0.00039, 0.96604, -0.25839
-2.98453, 1.53472, 1.78214, 74.819, 0.421, -0.117, 0.00005, 0.96511, -0.26186
-2.98192, 1.54534, 1.77430, 74.700, 0.369, -0.096, -0.00009, 0.96456, -0.26387
-2.97852, 1.55927, 1.76538, 74.620, 0.339, -0.016, -0.00129, 0.96419, -0.26521
-2.97644, 1.57656, 1.75521, 74.533, 0.319, 0.046, -0.00226, 0.96378, -0.26668
-2.97697, 1.59531, 1.74380, 74.406, 0.294, 0.045, -0.00214, 0.96319, -0.26882
-2.98079, 1.61574, 1.72998, 74.242, 0.269, 0.015, -0.00152, 0.96242, -0.27157
-2.98560, 1.64024, 1.71760, 74.084, 0.254, -0.014, -0.00099, 0.96166, -0.27423
-2.98884, 1.66868, 1.70929, 73.963, 0.254, 0.008, -0.00136, 0.96109, -0.27625
-2.99177, 1.70142, 1.70387, 73.872, 0.270, 0.192, -0.00453, 0.96063, -0.27778
-2.99380, 1.73769, 1.70167, 73.800, 0.304, 0.391, -0.00804, 0.96026, -0.27899
-2.99458, 1.77430, 1.70125, 73.729, 0.345, 0.428, -0.00885, 0.95991, -0.28017
-2.99476, 1.81079, 1.70110, 73.664, 0.386, 0.376, -0.00820, 0.95960, -0.28126
-2.99482, 1.84998, 1.70105, 73.607, 0.448, 0.268, -0.00670, 0.95933, -0.28222
-2.99537, 1.89329, 1.70113, 73.550, 0.546, 0.144, -0.00511, 0.95906, -0.28316
-2.99823, 1.93878, 1.70303, 73.480, 0.727, -0.005, -0.00352, 0.95872, -0.28432
-3.00206, 1.98898, 1.70666, 73.421, 0.915, -0.181, -0.00153, 0.95843, -0.28531
-3.00337, 2.04519, 1.70977, 73.403, 0.974, -0.355, 0.00108, 0.95835, -0.28559
-3.00285, 2.10695, 1.71246, 73.419, 0.954, -0.566, 0.00472, 0.95842, -0.28534
-3.00114, 2.17477, 1.71501, 73.470, 0.889, -0.775, 0.00856, 0.95864, -0.28449
-2.99846, 2.24480, 1.71695, 73.550, 0.793, -0.869, 0.01063, 0.95902, -0.28315
-2.99595, 2.31458, 1.71807, 73.636, 0.635, -0.884, 0.01168, 0.95943, -0.28172
-2.99265, 2.38669, 1.71854, 73.750, 0.431, -0.885, 0.01273, 0.95997, -0.27983
-2.98608, 2.46344, 1.71931, 73.929, 0.334, -0.898, 0.01345, 0.96083, -0.27683
-2.97585, 2.54506, 1.72089, 74.195, 0.385, -0.924, 0.01368, 0.96210, -0.27236
-2.96193, 2.63197, 1.72299, 74.548, 0.536, -0.971, 0.01384, 0.96376, -0.26642
-2.94727, 2.71943, 1.72461, 74.859, 0.635, -1.065, 0.01505, 0.96517, -0.26118
-2.93397, 2.80347, 1.72543, 75.070, 0.621, -1.213, 0.01766, 0.96608, -0.25762
-2.92083, 2.88535, 1.72585, 75.215, 0.541, -1.423, 0.02160, 0.96665, -0.25519
-2.90705, 2.97115, 1.72594, 75.316, 0.445, -1.635, 0.02564, 0.96700, -0.25347
-2.89216, 3.06378, 1.72516, 75.400, 0.379, -1.802, 0.02877, 0.96728, -0.25207
-2.87580, 3.16302, 1.72127, 75.425, 0.329, -1.939, 0.03130, 0.96731, -0.25165
-2.85994, 3.26462, 1.71767, 75.481, 0.261, -2.077, 0.03394, 0.96747, -0.25070
-2.84619, 3.36331, 1.71752, 75.653, 0.146, -2.241, 0.03726, 0.96810, -0.24779
-2.83466, 3.45979, 1.72003, 75.998, -0.051, -2.423, 0.04123, 0.96941, -0.24195
-2.82349, 3.55757, 1.72275, 76.331, -0.214, -2.620, 0.04530, 0.97062, -0.23631
-2.81044, 3.65928, 1.72328, 76.464, -0.238, -2.826, 0.04891, 0.97099, -0.23405
-2.79500, 3.76457, 1.72310, 76.518, -0.159, -3.048, 0.05235, 0.97104, -0.23313
-2.77949, 3.87257, 1.72241, 76.536, -0.011, -3.275, 0.05561, 0.97092, -0.23284
-2.76674, 3.98074, 1.72117, 76.543, 0.135, -3.491, 0.05867, 0.97077, -0.23272
-2.75588, 4.09052, 1.71914, 76.545, 0.303, -3.707, 0.06166, 0.97060, -0.23267
-2.74732, 4.20060, 1.71670, 76.546, 0.481, -3.910, 0.06438, 0.97043, -0.23266
-2.74094, 4.30750, 1.71487, 76.553, 0.616, -4.077, 0.06665, 0.97030, -0.23253
-2.73666, 4.41035, 1.71349, 76.761, 0.687, -4.166, 0.06797, 0.97105, -0.22901
-2.73469, 4.51069, 1.71257, 77.175, 0.727, -4.227, 0.06905, 0.97261, -0.22196
-2.73323, 4.61280, 1.71231, 77.482, 0.824, -4.397, 0.07174, 0.97359, -0.21673
-2.73164, 4.71764, 1.71348, 77.626, 1.012, -4.713, 0.07649, 0.97378, -0.21425
-2.73072, 4.82404, 1.71716, 77.685, 1.259, -5.139, 0.08285, 0.97348, -0.21323
-2.73047, 4.93022, 1.72201, 77.710, 1.453, -5.538, 0.08892, 0.97304, -0.21280
-2.73190, 5.03600, 1.72675, 77.731, 1.546, -5.852, 0.09392, 0.97265, -0.21243
-2.73712, 5.14188, 1.73226, 77.733, 1.567, -6.123, 0.09845, 0.97221, -0.21239
-2.74393, 5.24585, 1.73983, 77.745, 1.617, -6.408, 0.10311, 0.97178, -0.21218
-2.75010, 5.34769, 1.74972, 77.877, 1.744, -6.747, 0.10852, 0.97168, -0.20991
-2.75669, 5.44764, 1.76229, 78.318, 1.924, -7.133, 0.11485, 0.97255, -0.20236
-2.76541, 5.54537, 1.77503, 78.778, 2.126, -7.477, 0.12049, 0.97348, -0.19447
-2.77664, 5.64217, 1.78597, 79.027, 2.341, -7.731, 0.12435, 0.97384, -0.19019
-2.79079, 5.73840, 1.79592, 79.154, 2.621, -7.903, 0.12651, 0.97399, -0.18798
-2.80582, 5.83073, 1.80553, 79.252, 2.811, -8.046, 0.12846, 0.97407, -0.18627
-2.81953, 5.91866, 1.81562, 79.404, 2.822, -8.221, 0.13159, 0.97414, -0.18366
-2.83317, 6.00351, 1.82656, 79.571, 2.732, -8.400, 0.13513, 0.97419, -0.18082
-2.84581, 6.08249, 1.83661, 79.768, 2.634, -8.592, 0.13894, 0.97427, -0.17745
-2.85667, 6.15601, 1.84445, 80.009, 2.632, -8.808, 0.14293, 0.97444, -0.17331
-2.86506, 6.22346, 1.85037, 80.330, 2.838, -9.064, 0.14709, 0.97479, -0.16777
-2.87278, 6.28572, 1.85459, 80.653, 3.099, -9.325, 0.15121, 0.97511, -0.16217
-2.88264, 6.34779, 1.85836, 80.871, 3.167, -9.539, 0.15498, 0.97513, -0.15842
-2.89402, 6.41099, 1.86219, 80.979, 3.099, -9.718, 0.15835, 0.97489, -0.15658
-2.90694, 6.47157, 1.86486, 81.018, 2.995, -9.862, 0.16114, 0.97454, -0.15591
-2.92116, 6.52649, 1.86554, 81.084, 2.959, -9.984, 0.16340, 0.97434, -0.15479
-2.93762, 6.57762, 1.86447, 81.181, 2.963, -10.098, 0.16546, 0.97426, -0.15310
-2.95536, 6.62318, 1.86254, 81.287, 2.988, -10.185, 0.16701, 0.97428, -0.15128
-2.97057, 6.66240, 1.86167, 81.388, 3.039, -10.234, 0.16785, 0.97441, -0.14952
-2.98278, 6.69759, 1.86183, 81.477, 3.124, -10.256, 0.16813, 0.97459, -0.14799
-2.99266, 6.72658, 1.86232, 81.560, 3.239, -10.262, 0.16806, 0.97482, -0.14654
-3.00162, 6.74850, 1.86295, 81.661, 3.332, -10.272, 0.16814, 0.97507, -0.14478
-3.01087, 6.76608, 1.86375, 81.814, 3.392, -10.299, 0.16868, 0.97537, -0.14214
-3.01958, 6.77740, 1.86479, 82.009, 3.431, -10.337, 0.16951, 0.97571, -0.13876
-3.02651, 6.78109, 1.86538, 82.116, 3.443, -10.358, 0.16999, 0.97589, -0.13692
-3.03136, 6.77936, 1.86543, 82.025, 3.389, -10.352, 0.16989, 0.97568, -0.13849
-3.03382, 6.76891, 1.86543, 81.676, 3.190, -10.318, 0.16931, 0.97491, -0.14455
-3.03625, 6.74932, 1.86544, 81.401, 3.032, -10.259, 0.16830, 0.97436, -0.14931
-3.04046, 6.72534, 1.86643, 81.387, 3.038, -10.187, 0.16705, 0.97454, -0.14954
-3.04577, 6.69557, 1.87154, 81.438, 3.150, -10.095, 0.16528, 0.97498, -0.14865
-3.05135, 6.65680, 1.87727, 81.486, 3.296, -9.986, 0.16311, 0.97547, -0.14781
-3.05640, 6.61159, 1.87984, 81.469, 3.408, -9.873, 0.16088, 0.97580, -0.14809
-3.06118, 6.55969, 1.88035, 81.270, 3.535, -9.756, 0.15827, 0.97571, -0.15148
-3.06586, 6.49917, 1.88070, 80.951, 3.625, -9.621, 0.15525, 0.97532, -0.15697
-3.07067, 6.43356, 1.88266, 80.660, 3.638, -9.464, 0.15209, 0.97501, -0.16197
-3.07598, 6.36290, 1.88563, 80.339, 3.615, -9.273, 0.14841, 0.97464, -0.16748
-3.08091, 6.28493, 1.88974, 80.013, 3.586, -9.072, 0.14457, 0.97424, -0.17309
-3.08454, 6.20221, 1.89477, 79.751, 3.581, -8.902, 0.14129, 0.97391, -0.17758
-3.08666, 6.11417, 1.90142, 79.576, 3.651, -8.774, 0.13863, 0.97374, -0.18057
-3.08788, 6.02068, 1.90872, 79.430, 3.777, -8.658, 0.13603, 0.97365, -0.18304
-3.08969, 5.92672, 1.91427, 79.208, 3.869, -8.499, 0.13268, 0.97339, -0.18682
-3.09292, 5.83471, 1.91867, 78.882, 3.932, -8.296, 0.12849, 0.97287, -0.19238
-3.09637, 5.74090, 1.92164, 78.500, 3.976, -8.060, 0.12370, 0.97218, -0.19889
-3.09769, 5.64060, 1.92251, 78.177, 3.990, -7.517, 0.11392, 0.97224, -0.20440
-3.09756, 5.53477, 1.92145, 77.930, 3.926, -7.235, 0.10896, 0.97191, -0.20861
-3.09727, 5.42279, 1.91909, 77.736, 3.743, -7.001, 0.10533, 0.97158, -0.21196
-3.09711, 5.30525, 1.91778, 77.552, 3.534, -7.420, 0.11293, 0.97003, -0.21514
-3.09766, 5.18387, 1.91827, 77.367, 3.335, -7.120, 0.10832, 0.96984, -0.21833
-3.09923, 5.05684, 1.91970, 77.197, 3.107, -6.765, 0.10294, 0.96976, -0.22127
-3.10027, 4.92713, 1.92066, 77.007, 2.896, -6.344, 0.09638, 0.96968, -0.22455
-3.09969, 4.79719, 1.91902, 76.789, 2.700, -6.107, 0.09287, 0.96915, -0.22829
-3.09738, 4.66498, 1.91184, 76.552, 2.499, -5.727, 0.08697, 0.96874, -0.23234
-3.09556, 4.53257, 1.90308, 76.281, 2.390, -5.441, 0.08227, 0.96803, -0.23696
-3.09541, 4.40157, 1.89654, 75.967, 2.392, -5.614, 0.08484, 0.96649, -0.24227
-3.09555, 4.27103, 1.89061, 75.586, 2.453, -5.253, 0.07805, 0.96543, -0.24869
-3.09605, 4.14135, 1.88422, 75.234, 2.534, -5.168, 0.07587, 0.96406, -0.25463
-3.09714, 4.01192, 1.87682, 74.987, 2.597, -5.099, 0.07416, 0.96309, -0.25877
-3.10001, 3.88056, 1.86832, 74.846, 2.669, -4.810, 0.06881, 0.96285, -0.26113
-3.10271, 3.75333, 1.85951, 74.734, 2.720, -4.910, 0.07012, 0.96224, -0.26301
-3.10323, 3.63477, 1.85148, 74.554, 2.727, -4.078, 0.05591, 0.96234, -0.26603
-3.10320, 3.52632, 1.84452, 74.314, 2.707, -3.960, 0.05375, 0.96134, -0.27007
-3.10304, 3.42251, 1.83742, 74.057, 2.682, -3.999, 0.05424, 0.96009, -0.27439
-3.10267, 3.31323, 1.82882, 73.841, 2.680, -3.975, 0.05359, 0.95908, -0.27800
-3.10105, 3.19815, 1.81920, 73.699, 2.819, -3.935, 0.05209, 0.95849, -0.28034
-3.09891, 3.08114, 1.80827, 73.562, 3.055, -3.451, 0.04268, 0.95830, -0.28257
-3.09819, 2.96744, 1.79607, 73.318, 3.205, -3.408, 0.04092, 0.95717, -0.28660
-3.09930, 2.85634, 1.78164, 72.937, 3.264, -3.541, 0.04237, 0.95519, -0.29294
-3.10129, 2.74775, 1.76601, 72.471, 3.282, -3.564, 0.04207, 0.95279, -0.30070
-3.10219, 2.64206, 1.75300, 72.068, 3.308, -3.682, 0.04336, 0.95060, -0.30737
-3.09974, 2.53773, 1.74288, 71.695, 3.345, -3.527, 0.04012, 0.94873, -0.31354
-3.09263, 2.43611, 1.73513, 71.360, 3.384, -3.623, 0.04105, 0.94684, -0.31906
-3.08426, 2.33910, 1.72886, 71.224, 3.439, -3.280, 0.03489, 0.94634, -0.32129
-3.07620, 2.24492, 1.72356, 71.302, 3.530, -3.335, 0.03541, 0.94676, -0.31998
-3.06691, 2.15445, 1.71994, 71.532, 3.653, -3.161, 0.03214, 0.94817, -0.31614
-3.05768, 2.07090, 1.71611, 71.702, 3.722, -2.924, 0.02808, 0.94924, -0.31330
-3.04931, 1.99393, 1.71121, 71.737, 3.666, -3.023, 0.03007, 0.94937, -0.31273
-3.04141, 1.92485, 1.70591, 71.753, 3.452, -2.987, 0.03066, 0.94941, -0.31255
-3.03340, 1.85838, 1.69975, 71.756, 3.283, -2.973, 0.03136, 0.94938, -0.31255
-3.02478, 1.78875, 1.69281, 71.719, 3.281, -3.051, 0.03261, 0.94914, -0.31316
-3.01536, 1.71729, 1.68508, 71.525, 3.354, -2.818, 0.02812, 0.94823, -0.31634
-3.00658, 1.64929, 1.67643, 71.306, 3.448, -2.640, 0.02438, 0.94713, -0.31993
-2.99945, 1.58698, 1.66737, 71.204, 3.516, -2.624, 0.02359, 0.94658, -0.32160
-2.99405, 1.52829, 1.65819, 71.174, 3.580, -2.749, 0.02527, 0.94638, -0.32206
-2.98915, 1.47614, 1.64765, 71.160, 3.631, -2.887, 0.02724, 0.94625, -0.32228
-2.98315, 1.42992, 1.63521, 71.102, 3.661, -2.912, 0.02741, 0.94592, -0.32323
-2.97612, 1.38915, 1.62051, 71.002, 3.678, -2.881, 0.02667, 0.94538, -0.32487
-2.96887, 1.35518, 1.60456, 70.891, 3.683, -2.820, 0.02548, 0.94479, -0.32668
-2.96237, 1.32504, 1.58952, 70.811, 3.679, -2.753, 0.02430, 0.94436, -0.32800
-2.95680, 1.29770, 1.57511, 70.763, 3.566, -2.652, 0.02322, 0.94410, -0.32883
-2.95157, 1.27583, 1.56103, 70.731, 3.382, -2.552, 0.02258, 0.94391, -0.32943
-2.94567, 1.25885, 1.54715, 70.686, 3.281, -2.521, 0.02260, 0.94364, -0.33020
-2.93714, 1.24474, 1.53331, 70.632, 3.242, -2.545, 0.02316, 0.94331, -0.33110
-2.92839, 1.23612, 1.51974, 70.570, 3.226, -2.589, 0.02390, 0.94293, -0.33213
-2.92508, 1.23384, 1.50669, 70.492, 3.224, -2.609, 0.02415, 0.94247, -0.33341
-2.92522, 1.23628, 1.49401, 70.400, 3.225, -2.577, 0.02351, 0.94195, -0.33492
-2.92641, 1.24597, 1.48184, 70.293, 3.225, -2.478, 0.02175, 0.94137, -0.33668
-2.92940, 1.26253, 1.47026, 70.180, 3.226, -2.352, 0.01954, 0.94075, -0.33853
-2.93468, 1.28314, 1.45869, 70.044, 3.145, -2.224, 0.01777, 0.93997, -0.34078
-2.94296, 1.31005, 1.44735, 69.885, 2.906, -2.073, 0.01654, 0.93902, -0.34346
-2.95129, 1.34319, 1.43797, 69.802, 2.719, -1.897, 0.01469, 0.93853, -0.34488
-2.95760, 1.37948, 1.43072, 69.820, 2.666, -1.694, 0.01171, 0.93868, -0.34459
-2.96271, 1.42051, 1.42557, 69.910, 2.642, -1.452, 0.00797, 0.93925, -0.34314
-2.96903, 1.46789, 1.42202, 70.002, 2.636, -1.237, 0.00455, 0.93982, -0.34163
-2.97805, 1.51946, 1.41886, 70.050, 2.667, -1.088, 0.00197, 0.94012, -0.34084
-2.98992, 1.57605, 1.41654, 70.077, 2.820, -0.996, -0.00043, 0.94030, -0.34035
-3.00161, 1.63846, 1.41558, 70.085, 2.962, -0.925, -0.00241, 0.94036, -0.34017
-3.01051, 1.70433, 1.41567, 70.084, 2.976, -0.830, -0.00406, 0.94035, -0.34019
-3.01738, 1.77558, 1.41758, 70.069, 2.925, -0.702, -0.00587, 0.94025, -0.34044
-3.02294, 1.84975, 1.42179, 70.053, 2.833, -0.607, -0.00689, 0.94013, -0.34073
-3.02853, 1.92164, 1.42727, 70.059, 2.736, -0.593, -0.00655, 0.94016, -0.34067
-3.03390, 1.98961, 1.43389, 70.171, 2.628, -0.618, -0.00540, 0.94082, -0.33886
-3.03874, 2.05995, 1.44253, 70.355, 2.499, -0.670, -0.00365, 0.94190, -0.33588
-3.04327, 2.13885, 1.45285, 70.496, 2.354, -0.728, -0.00174, 0.94272, -0.33359
-3.04855, 2.22536, 1.46513, 70.599, 2.176, -0.801, 0.00056, 0.94330, -0.33193
-3.05290, 2.31897, 1.47911, 70.696, 1.990, -0.882, 0.00305, 0.94384, -0.33038
-3.05412, 2.41507, 1.49281, 70.812, 1.849, -0.949, 0.00504, 0.94449, -0.32849
-3.05228, 2.51311, 1.50632, 70.929, 1.737, -0.981, 0.00628, 0.94515, -0.32658
-3.04787, 2.61472, 1.51993, 71.064, 1.665, -1.005, 0.00717, 0.94590, -0.32438
-3.04313, 2.71788, 1.53312, 71.255, 1.644, -1.084, 0.00869, 0.94696, -0.32123
-3.03885, 2.82175, 1.54640, 71.533, 1.649, -1.230, 0.01125, 0.94848, -0.31663
-3.03408, 2.92740, 1.55943, 71.876, 1.659, -1.430, 0.01471, 0.95032, -0.31094
-3.02852, 3.03406, 1.57064, 72.144, 1.665, -1.625, 0.01809, 0.95170, -0.30649
-3.02183, 3.14206, 1.58004, 72.293, 1.657, -1.795, 0.02105, 0.95243, -0.30403
-3.01395, 3.25181, 1.58764, 72.350, 1.633, -1.958, 0.02392, 0.95267, -0.30307
-3.00716, 3.35886, 1.59370, 72.396, 1.618, -2.112, 0.02659, 0.95284, -0.30231
-3.00255, 3.46051, 1.59856, 72.479, 1.618, -2.254, 0.02901, 0.95321, -0.30093
-2.99978, 3.55680, 1.60140, 72.568, 1.630, -2.381, 0.03112, 0.95360, -0.29945
-2.99709, 3.65571, 1.60499, 72.661, 1.670, -2.520, 0.03329, 0.95402, -0.29790
-2.99318, 3.76191, 1.61123, 72.744, 1.742, -2.685, 0.03572, 0.95436, -0.29651
-2.98865, 3.87371, 1.61974, 72.794, 1.876, -2.872, 0.03818, 0.95453, -0.29565
-2.98372, 3.98875, 1.62858, 72.909, 2.020, -3.070, 0.04085, 0.95502, -0.29372
-2.97875, 4.10342, 1.63593, 73.148, 2.126, -3.267, 0.04380, 0.95611, -0.28970
-2.97355, 4.21932, 1.64252, 73.531, 2.227, -3.469, 0.04703, 0.95788, -0.28329
-2.96821, 4.33607, 1.64836, 73.950, 2.290, -3.671, 0.05051, 0.95976, -0.27626
-2.96292, 4.45241, 1.65373, 74.270, 2.294, -3.865, 0.05406, 0.96109, -0.27089
-2.95716, 4.56927, 1.65856, 74.524, 2.217, -4.040, 0.05760, 0.96208, -0.26663
-2.95182, 4.68560, 1.66281, 74.728, 2.081, -4.221, 0.06147, 0.96277, -0.26322
-2.94784, 4.80021, 1.66687, 74.911, 1.960, -4.444, 0.06593, 0.96331, -0.26017
-2.94473, 4.91493, 1.67041, 75.059, 1.842, -4.726, 0.07134, 0.96359, -0.25770
-2.94294, 5.02733, 1.67379, 75.182, 1.720, -5.028, 0.07707, 0.96370, -0.25564
-2.94258, 5.13439, 1.67796, 75.328, 1.606, -5.272, 0.08182, 0.96395, -0.25318
-2.94510, 5.23512, 1.68282, 75.499, 1.487, -5.422, 0.08502, 0.96443, -0.25031
-2.95135, 5.33102, 1.68834, 75.685, 1.377, -5.533, 0.08751, 0.96501, -0.24718
-2.95840, 5.42880, 1.69426, 75.875, 1.310, -5.732, 0.09131, 0.96547, -0.24397
-2.96479, 5.53057, 1.70022, 76.067, 1.274, -6.046, 0.09691, 0.96574, -0.24073
-2.97210, 5.63398, 1.70656, 76.265, 1.259, -6.445, 0.10386, 0.96585, -0.23738
-2.98182, 5.73529, 1.71387, 76.464, 1.256, -6.844, 0.11076, 0.96591, -0.23401
-2.99411, 5.83422, 1.72226, 76.657, 1.271, -7.211, 0.11706, 0.96595, -0.23072
-3.00909, 5.93138, 1.73180, 76.848, 1.314, -7.578, 0.12324, 0.96595, -0.22748
-3.02467, 6.02507, 1.74127, 77.054, 1.342, -7.928, 0.12922, 0.96599, -0.22398
-3.03968, 6.11606, 1.75046, 77.283, 1.338, -8.259, 0.13503, 0.96609, -0.22007
-3.05523, 6.20413, 1.76001, 77.538, 1.318, -8.570, 0.14061, 0.96628, -0.21573
-3.06979, 6.28825, 1.76771, 77.787, 1.302, -8.874, 0.14602, 0.96641, -0.21149
-3.08259, 6.37009, 1.77258, 78.011, 1.305, -9.183, 0.15144, 0.96641, -0.20766
-3.09374, 6.44985, 1.77447, 78.221, 1.329, -9.498, 0.15686, 0.96630, -0.20409
-3.10419, 6.52416, 1.77557, 78.415, 1.351, -9.797, 0.16202, 0.96615, -0.20076
-3.11523, 6.59344, 1.77847, 78.604, 1.336, -10.072, 0.16690, 0.96598, -0.19753
-3.12670, 6.65884, 1.78322, 78.793, 1.209, -10.328, 0.17184, 0.96577, -0.19430
-3.13771, 6.71705, 1.78710, 78.960, 1.071, -10.562, 0.17639, 0.96552, -0.19147
-3.14767, 6.76889, 1.78802, 79.092, 1.044, -10.782, 0.18030, 0.96524, -0.18920
-3.15647, 6.81503, 1.78809, 79.198, 1.045, -10.984, 0.18381, 0.96494, -0.18738
-3.16466, 6.85362, 1.78812, 79.270, 1.054, -11.171, 0.18699, 0.96457, -0.18615
-3.17327, 6.88780, 1.78850, 79.318, 1.076, -11.354, 0.19005, 0.96412, -0.18532
-3.18150, 6.92283, 1.79287, 79.350, 1.193, -11.533, 0.19273, 0.96370, -0.18477
-3.19023, 6.94949, 1.80061, 79.361, 1.353, -11.706, 0.19513, 0.96325, -0.18457
-3.20102, 6.95888, 1.80660, 79.362, 1.408, -11.879, 0.19787, 0.96270, -0.18454
-3.21355, 6.96121, 1.81149, 79.361, 1.387, -12.078, 0.20127, 0.96199, -0.18457
-3.22797, 6.96214, 1.81546, 79.350, 1.351, -12.272, 0.20464, 0.96124, -0.18476
-3.24372, 6.96225, 1.81678, 78.920, 1.334, -12.394, 0.20627, 0.95945, -0.19213
-3.26081, 6.95716, 1.81599, 79.713, 1.338, -12.455, 0.20813, 0.96167, -0.17853
-3.27945, 6.94114, 1.81385, 78.649, 1.374, -12.477, 0.20721, 0.95831, -0.19675
-3.29756, 6.91988, 1.81167, 78.565, 1.462, -12.490, 0.20703, 0.95805, -0.19819
-3.31687, 6.89768, 1.80967, 78.485, 1.603, -12.503, 0.20669, 0.95784, -0.19955
-3.33751, 6.87092, 1.80743, 78.009, 1.802, -12.506, 0.20544, 0.95639, -0.20766
-3.34950, 6.83975, 1.80628, 78.117, 2.012, -12.516, 0.20502, 0.95688, -0.20579
-3.35265, 6.80647, 1.80654, 77.577, 2.230, -12.616, 0.20513, 0.95484, -0.21496
-3.35401, 6.76993, 1.80779, 77.744, 2.492, -12.928, 0.20964, 0.95450, -0.21208
-3.35439, 6.72879, 1.80917, 77.660, 2.647, -13.206, 0.21357, 0.95332, -0.21348
-3.35471, 6.68469, 1.81002, 77.665, 2.640, -13.290, 0.21500, 0.95302, -0.21339
-3.35490, 6.63733, 1.81064, 77.023, 2.547, -13.302, 0.21450, 0.95061, -0.22434
-3.35494, 6.58501, 1.81117, 76.798, 2.460, -13.320, 0.21476, 0.94964, -0.22818
-3.35392, 6.52906, 1.81181, 76.439, 2.478, -13.412, 0.21562, 0.94796, -0.23427
-3.34549, 6.46910, 1.81267, 76.406, 2.691, -13.636, 0.21842, 0.94719, -0.23479
-3.33245, 6.40475, 1.81329, 76.144, 2.922, -13.840, 0.22040, 0.94563, -0.23918
-3.32152, 6.33854, 1.81335, 75.878, 2.965, -13.877, 0.22035, 0.94450, -0.24366
-3.31103, 6.27082, 1.81274, 75.518, 2.936, -13.859, 0.21949, 0.94311, -0.24974
-3.30023, 6.19937, 1.81196, 75.129, 2.900, -13.822, 0.21830, 0.94162, -0.25631
-3.28958, 6.12414, 1.81175, 74.828, 2.890, -13.781, 0.21709, 0.94051, -0.26138
-3.27883, 6.04477, 1.81176, 74.943, 2.892, -13.746, 0.21673, 0.94112, -0.25944
-3.26820, 5.96175, 1.81176, 74.792, 2.907, -13.697, 0.21556, 0.94069, -0.26199
-3.25815, 5.87886, 1.81168, 74.747, 2.939, -13.608, 0.21389, 0.94086, -0.26273
-3.24932, 5.79516, 1.80545, 74.435, 3.074, -13.477, 0.21052, 0.94015, -0.26794
-3.24092, 5.71100, 1.79385, 74.060, 3.280, -13.311, 0.20609, 0.93933, -0.27419
-3.23085, 5.62995, 1.78776, 73.781, 3.369, -13.150, 0.20246, 0.93876, -0.27883
-3.21960, 5.55473, 1.78667, 73.599, 3.359, -12.982, 0.19938, 0.93851, -0.28187
-3.20697, 5.48314, 1.78619, 73.492, 3.323, -12.810, 0.19652, 0.93857, -0.28368
-3.19161, 5.40532, 1.78612, 73.462, 3.271, -12.701, 0.19492, 0.93875, -0.28419
-3.17309, 5.31827, 1.78760, 73.515, 3.194, -12.660, 0.19473, 0.93905, -0.28332
-3.15123, 5.22382, 1.79272, 73.666, 3.087, -12.655, 0.19547, 0.93964, -0.28084
-3.13005, 5.12835, 1.79876, 73.766, 3.026, -12.632, 0.19557, 0.94011, -0.27918
-3.11161, 5.03572, 1.80354, 73.680, 3.037, -12.537, 0.19379, 0.94005, -0.28061
-3.09474, 4.94326, 1.80815, 73.347, 3.092, -12.324, 0.18938, 0.93928, -0.28616
-3.07860, 4.85163, 1.81411, 73.085, 3.151, -12.083, 0.18464, 0.93889, -0.29051
-3.06211, 4.76067, 1.82206, 73.070, 3.180, -11.902, 0.18149, 0.93943, -0.29076
-3.04547, 4.66969, 1.83229, 73.122, 3.188, -11.749, 0.17904, 0.94017, -0.28989
-3.02985, 4.58119, 1.84276, 73.226, 3.205, -11.579, 0.17638, 0.94120, -0.28814
-3.01621, 4.49585, 1.85165, 73.371, 3.275, -11.348, 0.17251, 0.94266, -0.28570
-3.00616, 4.41275, 1.86015, 73.618, 3.505, -10.996, 0.16608, 0.94508, -0.28151
-2.99470, 4.33352, 1.86712, 73.825, 3.732, -10.717, 0.16078, 0.94703, -0.27799
-2.97700, 4.25786, 1.87205, 73.843, 3.776, -10.669, 0.15982, 0.94729, -0.27767
-2.95273, 4.18721, 1.87486, 73.609, 3.768, -10.701, 0.15991, 0.94612, -0.28157
-2.92536, 4.11897, 1.87599, 73.313, 3.734, -10.740, 0.16014, 0.94459, -0.28653
-2.90106, 4.04774, 1.87708, 73.239, 3.662, -10.747, 0.16045, 0.94416, -0.28779
-2.87993, 3.97407, 1.87783, 73.374, 3.441, -10.651, 0.16023, 0.94486, -0.28560
-2.85974, 3.89893, 1.87814, 73.577, 3.113, -10.499, 0.15969, 0.94594, -0.28230
-2.83769, 3.82354, 1.87875, 73.648, 2.868, -10.425, 0.15977, 0.94626, -0.28119
-2.81288, 3.74793, 1.87931, 73.526, 2.686, -10.406, 0.16014, 0.94557, -0.28327
-2.78679, 3.67182, 1.88009, 73.306, 2.556, -10.400, 0.16030, 0.94443, -0.28698
-2.76279, 3.59565, 1.88191, 73.207, 2.517, -10.393, 0.16023, 0.94393, -0.28864
-2.74053, 3.51941, 1.88477, 73.271, 2.527, -10.388, 0.16019, 0.94427, -0.28757
-2.71996, 3.44303, 1.88866, 73.414, 2.551, -10.384, 0.16024, 0.94499, -0.28517
-2.70254, 3.36706, 1.89301, 73.493, 2.572, -10.371, 0.16006, 0.94542, -0.28384
-2.68776, 3.29044, 1.89733, 73.458, 2.584, -10.304, 0.15885, 0.94544, -0.28443
-2.67607, 3.21331, 1.90197, 73.355, 2.592, -10.128, 0.15573, 0.94544, -0.28615
-2.66678, 3.14036, 1.90733, 73.286, 2.594, -9.929, 0.15232, 0.94565, -0.28730
-2.65828, 3.07311, 1.91360, 73.311, 2.542, -9.768, 0.14997, 0.94615, -0.28690
-2.65142, 3.01145, 1.92099, 73.414, 2.349, -9.609, 0.14845, 0.94690, -0.28522
-2.64703, 2.95112, 1.92795, 73.495, 2.196, -9.437, 0.14646, 0.94760, -0.28390
-2.64449, 2.88775, 1.93360, 73.487, 2.187, -9.248, 0.14337, 0.94804, -0.28403
-2.64369, 2.82200, 1.93841, 73.411, 2.216, -9.044, 0.13976, 0.94820, -0.28529
-2.64316, 2.75902, 1.94236, 73.342, 2.262, -8.825, 0.13581, 0.94843, -0.28644
-2.64125, 2.70152, 1.94579, 73.348, 2.313, -8.596, 0.13175, 0.94903, -0.28632
-2.63776, 2.64796, 1.94838, 73.463, 2.392, -8.345, 0.12737, 0.95021, -0.28439
-2.63486, 2.59949, 1.95060, 73.587, 2.456, -8.094, 0.12306, 0.95140, -0.28229
-2.63468, 2.55459, 1.95311, 73.604, 2.464, -7.865, 0.11925, 0.95197, -0.28202
-2.63913, 2.51364, 1.95485, 73.506, 2.408, -7.636, 0.11558, 0.95193, -0.28366
-2.64665, 2.47685, 1.95750, 73.382, 2.323, -7.437, 0.11253, 0.95167, -0.28575
-2.65296, 2.44082, 1.96312, 73.351, 2.268, -7.293, 0.11038, 0.95177, -0.28628
-2.66005, 2.39673, 1.97463, 73.401, 2.235, -7.194, 0.10895, 0.95218, -0.28545
-2.66634, 2.35925, 1.98692, 73.476, 2.217, -7.148, 0.10838, 0.95262, -0.28420
-2.66820, 2.34837, 1.99086, 73.503, 2.214, -7.141, 0.10831, 0.95276, -0.28376
-2.66820, 2.34837, 1.99086, 73.503, 2.214, -7.141, 0.10831, 0.95276, -0.28376
-2.66820, 2.34837, 1.99086, 73.503, 2.214, -7.141, 0.10831, 0.95276, -0.28376
