11.50000, 5.30000, 1.70000, 85.000, 0.000, 100.000, -0.98106, -0.17299, -0.08716
11.49130, 5.30022, 1.69965, 85.032, 0.014, 100.047, -0.98096, -0.17382, -0.08659
11.47180, 5.30070, 1.69900, 85.065, 0.110, 100.123, -0.98075, -0.17528, -0.08603
11.44957, 5.30124, 1.69845, 84.936, 0.347, 100.156, -0.98039, -0.17617, -0.08826
11.42620, 5.30180, 1.69800, 84.808, 0.617, 100.201, -0.97998, -0.17734, -0.09049
11.40754, 5.30221, 1.69781, 84.859, 0.816, 100.299, -0.97970, -0.17932, -0.08960
11.39020, 5.30260, 1.69770, 84.947, 0.900, 100.404, -0.97949, -0.18125, -0.08807
11.37353, 5.30307, 1.69745, 85.020, 0.880, 100.474, -0.97938, -0.18242, -0.08680
11.35360, 5.30360, 1.69730, 85.057, 0.859, 100.538, -0.97924, -0.18348, -0.08616
11.32516, 5.30420, 1.69730, 84.900, 0.917, 100.641, -0.97865, -0.18533, -0.08888
11.29540, 5.30480, 1.69730, 84.666, 0.992, 100.685, -0.97811, -0.18618, -0.09294
11.27181, 5.30532, 1.69715, 84.559, 1.007, 100.650, -0.97804, -0.18561, -0.09481
11.24980, 5.30580, 1.69690, 84.529, 1.014, 100.638, -0.97802, -0.18542, -0.09533
11.22799, 5.30627, 1.69676, 84.560, 1.032, 100.709, -0.97784, -0.18666, -0.09479
11.20240, 5.30680, 1.69660, 84.590, 1.043, 100.893, -0.97728, -0.18982, -0.09426
11.16745, 5.30750, 1.69636, 84.588, 0.960, 101.036, -0.97683, -0.19213, -0.09430
11.13100, 5.30820, 1.69610, 84.574, 0.835, 101.115, -0.97658, -0.19327, -0.09455
11.10145, 5.30871, 1.69581, 84.518, 0.778, 101.238, -0.97609, -0.19526, -0.09553
11.07340, 5.30920, 1.69560, 84.434, 0.762, 101.742, -0.97419, -0.20381, -0.09699
11.04486, 5.30980, 1.69553, 84.383, 0.798, 102.007, -0.97314, -0.20837, -0.09786
11.01220, 5.31050, 1.69550, 84.305, 0.856, 102.480, -0.97123, -0.21648, -0.09922
10.96961, 5.31130, 1.69538, 84.108, 0.894, 102.745, -0.96986, -0.22101, -0.10263
10.92640, 5.31220, 1.69530, 83.973, 0.909, 103.236, -0.96767, -0.22931, -0.10499
10.89225, 5.31316, 1.69533, 83.964, 0.899, 103.538, -0.96644, -0.23440, -0.10513
10.86100, 5.31420, 1.69540, 83.963, 0.826, 104.152, -0.96390, -0.24461, -0.10516
10.83002, 5.31519, 1.69548, 84.070, 0.649, 103.831, -0.96553, -0.23891, -0.10330
10.79500, 5.31640, 1.69560, 84.177, 0.432, 104.087, -0.96474, -0.24287, -0.10145
10.74889, 5.31811, 1.69581, 84.112, 0.256, 103.810, -0.96586, -0.23789, -0.10259
10.70200, 5.31990, 1.69600, 84.013, 0.111, 103.216, -0.96816, -0.22757, -0.10430
10.66459, 5.32134, 1.69606, 83.965, -0.000, 103.789, -0.96580, -0.23703, -0.10513
10.63060, 5.32270, 1.69545, 83.951, -0.082, 103.118, -0.96852, -0.22555, -0.10538
10.59738, 5.32410, 1.69636, 84.015, -0.138, 103.689, -0.96636, -0.23513, -0.10428
10.56100, 5.32570, 1.69787, 84.118, -0.196, 104.057, -0.96503, -0.24127, -0.10249
10.51472, 5.32774, 1.69658, 84.189, -0.290, 103.513, -0.96744, -0.23197, -0.10125
10.46800, 5.32980, 1.69717, 84.221, -0.405, 103.225, -0.96869, -0.22692, -0.10070
10.43016, 5.33142, 1.69784, 84.150, -0.531, 103.043, -0.96934, -0.22358, -0.10193
10.39540, 5.33290, 1.69852, 84.079, -0.664, 102.904, -0.96981, -0.22096, -0.10316
10.36120, 5.33444, 1.69997, 84.161, -0.790, 102.874, -0.97012, -0.22029, -0.10173
10.32340, 5.33610, 1.69894, 84.243, -0.908, 102.724, -0.97087, -0.21759, -0.10029
10.27493, 5.33807, 1.69355, 84.225, -1.018, 102.389, -0.97214, -0.21171, -0.10060
10.22620, 5.34000, 1.69154, 84.180, -1.102, 102.334, -0.97230, -0.21061, -0.10138
10.18746, 5.34152, 1.70435, 84.105, -1.148, 103.054, -0.96947, -0.22266, -0.10269
10.15240, 5.34290, 1.69586, 84.056, -1.157, 102.485, -0.97156, -0.21298, -0.10353
10.11820, 5.34434, 1.69362, 84.082, -1.112, 102.303, -0.97225, -0.21000, -0.10308
10.08040, 5.34590, 1.68994, 84.108, -1.004, 102.057, -0.97315, -0.20602, -0.10264
10.03138, 5.34780, 1.70529, 84.095, -0.854, 102.597, -0.97109, -0.21543, -0.10286
9.98200, 5.34960, 1.69821, 84.069, -0.726, 102.208, -0.97243, -0.20905, -0.10333
9.94291, 5.35087, 1.70902, 84.034, -0.698, 102.672, -0.97063, -0.21695, -0.10393
9.90760, 5.35190, 1.70890, 84.013, -0.669, 102.764, -0.97024, -0.21854, -0.10430
9.87306, 5.35296, 1.69807, 84.030, -0.543, 102.518, -0.97115, -0.21461, -0.10400
9.83500, 5.35400, 1.70022, 84.048, -0.406, 102.737, -0.97030, -0.21856, -0.10370
9.78619, 5.35509, 1.68502, 83.902, -0.341, 102.360, -0.97143, -0.21222, -0.10623
9.73660, 5.35610, 1.70710, 83.665, -0.313, 103.122, -0.96808, -0.22505, -0.11035
9.69597, 5.35690, 1.68678, 83.521, -0.293, 102.647, -0.96963, -0.21698, -0.11283
9.65860, 5.35760, 1.68830, 83.422, -0.291, 102.758, -0.96902, -0.21881, -0.11456
9.62243, 5.35827, 1.70276, 83.379, -0.373, 103.131, -0.96753, -0.22494, -0.11530
9.58240, 5.35900, 1.69221, 83.336, -0.456, 102.796, -0.96878, -0.21909, -0.11604
9.53051, 5.35999, 1.71184, 83.225, -0.434, 103.121, -0.96729, -0.22455, -0.11797
9.47800, 5.36090, 1.70138, 83.093, -0.372, 102.674, -0.96872, -0.21706, -0.12025
9.43613, 5.36136, 1.71231, 82.986, -0.267, 102.824, -0.96788, -0.21975, -0.12211
9.39760, 5.36170, 1.69825, 82.869, -0.175, 102.423, -0.96911, -0.21310, -0.12414
9.35895, 5.36226, 1.71618, 82.715, -0.143, 102.711, -0.96769, -0.21794, -0.12681
9.31600, 5.36280, 1.70392, 82.554, -0.138, 102.352, -0.96868, -0.21180, -0.12959
9.26119, 5.36319, 1.68813, 82.422, -0.137, 101.990, -0.96971, -0.20561, -0.13187
9.20620, 5.36350, 1.71746, 82.287, -0.137, 102.661, -0.96693, -0.21688, -0.13422
9.16269, 5.36383, 1.70402, 82.117, -0.079, 102.261, -0.96800, -0.21018, -0.13714
9.12340, 5.36410, 1.69664, 81.948, 0.025, 101.929, -0.96875, -0.20472, -0.14007
9.08492, 5.36428, 1.70677, 81.811, 0.103, 101.969, -0.96823, -0.20552, -0.14244
9.04240, 5.36440, 1.71227, 81.682, 0.181, 101.974, -0.96785, -0.20574, -0.14467
8.98729, 5.36454, 1.69577, 81.530, 0.274, 101.582, -0.96881, -0.19927, -0.14729
8.93200, 5.36460, 1.70066, 81.397, 0.342, 101.681, -0.96809, -0.20107, -0.14959
8.88879, 5.36460, 1.69275, 81.316, 0.358, 101.471, -0.96861, -0.19751, -0.15097
8.84980, 5.36460, 1.72486, 81.255, 0.371, 102.179, -0.96592, -0.20948, -0.15204
8.81098, 5.36453, 1.71912, 81.189, 0.422, 102.057, -0.96616, -0.20752, -0.15318
8.76820, 5.36430, 1.72714, 81.095, 0.475, 102.247, -0.96519, -0.21083, -0.15479
8.71378, 5.36391, 1.70478, 80.944, 0.497, 101.708, -0.96671, -0.20173, -0.15739
8.65900, 5.36350, 1.71756, 80.763, 0.516, 101.955, -0.96533, -0.20588, -0.16050
8.61520, 5.36327, 1.72787, 80.531, 0.560, 102.029, -0.96438, -0.20714, -0.16450
8.57500, 5.36300, 1.71166, 80.401, 0.602, 101.482, -0.96592, -0.19799, -0.16674
8.53490, 5.36257, 1.73837, 80.512, 0.626, 102.053, -0.96420, -0.20772, -0.16483
8.49040, 5.36200, 1.70428, 80.665, 0.633, 101.232, -0.96751, -0.19397, -0.16220
8.43380, 5.36126, 1.72304, 80.713, 0.585, 101.428, -0.96700, -0.19715, -0.16136
8.37640, 5.36050, 1.73393, 80.720, 0.536, 101.484, -0.96686, -0.19797, -0.16124
8.32942, 5.35991, 1.69805, 80.640, 0.599, 100.696, -0.96923, -0.18479, -0.16263
8.28640, 5.35940, 1.73655, 80.560, 0.738, 101.612, -0.96584, -0.20063, -0.16401
8.24496, 5.35894, 1.70954, 80.646, 0.882, 100.739, -0.96896, -0.18632, -0.16251
8.19940, 5.35840, 1.73122, 80.733, 1.044, 100.792, -0.96894, -0.18768, -0.16101
8.14052, 5.35764, 1.72600, 80.730, 1.237, 100.366, -0.97021, -0.18101, -0.16105
8.08120, 5.35680, 1.71464, 80.710, 1.364, 99.807, -0.97181, -0.17188, -0.16139
8.03422, 5.35601, 1.73254, 80.659, 1.396, 99.902, -0.97136, -0.17358, -0.16227
7.99120, 5.35520, 1.73169, 80.582, 1.400, 99.544, -0.97220, -0.16752, -0.16360
7.94788, 5.35442, 1.71802, 80.492, 1.371, 98.878, -0.97383, -0.15612, -0.16515
7.90000, 5.35350, 1.72090, 80.409, 1.185, 98.534, -0.97459, -0.14973, -0.16658
7.83944, 5.35224, 1.71054, 80.374, 0.785, 97.782, -0.97653, -0.13576, -0.16720
7.77880, 5.35100, 1.73472, 80.333, 0.328, 97.802, -0.97655, -0.13477, -0.16791
7.73018, 5.35012, 1.72406, 80.206, -0.025, 97.086, -0.97791, -0.12149, -0.17011
7.68700, 5.34940, 1.72794, 80.121, -0.278, 96.752, -0.97844, -0.11500, -0.17157
7.64654, 5.34874, 1.71842, 80.195, -0.420, 96.114, -0.97992, -0.10371, -0.17029
7.60300, 5.34800, 1.70808, 80.269, -0.448, 95.578, -0.98107, -0.09449, -0.16902
7.54664, 5.34696, 1.71331, 80.198, -0.390, 95.566, -0.98087, -0.09442, -0.17025
7.49020, 5.34590, 1.73004, 80.126, -0.296, 95.932, -0.98000, -0.10094, -0.17148
7.44570, 5.34511, 1.73222, 80.197, -0.245, 96.040, -0.98001, -0.10297, -0.17026
7.40560, 5.34440, 1.73255, 80.305, -0.196, 96.203, -0.98001, -0.10593, -0.16840
7.36657, 5.34364, 1.70687, 80.361, -0.135, 95.831, -0.98082, -0.09976, -0.16743
7.32280, 5.34290, 1.70732, 80.380, -0.061, 96.076, -0.98042, -0.10419, -0.16711
7.26483, 5.34218, 1.70926, 80.295, 0.053, 96.344, -0.97963, -0.10908, -0.16858
7.20580, 5.34160, 1.71558, 80.156, 0.121, 96.598, -0.97871, -0.11356, -0.17097
7.15900, 5.34123, 1.71669, 80.080, 0.093, 96.554, -0.97858, -0.11272, -0.17227
7.11580, 5.34100, 1.72679, 80.017, 0.046, 96.717, -0.97808, -0.11534, -0.17336
7.07193, 5.34082, 1.73357, 79.937, 0.009, 96.874, -0.97754, -0.11786, -0.17473
7.02340, 5.34070, 1.71707, 79.872, -0.010, 96.501, -0.97809, -0.11143, -0.17586
6.96263, 5.34059, 1.72541, 79.837, 0.019, 96.810, -0.97736, -0.11677, -0.17646
6.90160, 5.34050, 1.71963, 79.829, 0.068, 96.869, -0.97719, -0.11794, -0.17659
6.85266, 5.34037, 1.71233, 79.880, 0.107, 96.825, -0.97743, -0.11732, -0.17571
6.80740, 5.34030, 1.71603, 79.931, 0.127, 97.017, -0.97718, -0.12067, -0.17484
6.76182, 5.34036, 1.69788, 79.930, 0.129, 96.681, -0.97786, -0.11495, -0.17485
6.71080, 5.34060, 1.73609, 79.929, 0.129, 97.675, -0.97572, -0.13189, -0.17487
6.64536, 5.34100, 1.73350, 79.927, 0.081, 97.865, -0.97529, -0.13497, -0.17490
6.57940, 5.34150, 1.72139, 79.926, 0.034, 97.827, -0.97540, -0.13418, -0.17492
6.52719, 5.34200, 1.71301, 79.960, 0.076, 97.717, -0.97574, -0.13246, -0.17433
6.47920, 5.34250, 1.70336, 79.995, 0.130, 97.559, -0.97618, -0.12994, -0.17374
6.43062, 5.34291, 1.72881, 79.926, 0.143, 98.298, -0.97421, -0.14252, -0.17491
6.37660, 5.34340, 1.72726, 79.858, 0.145, 98.453, -0.97362, -0.14514, -0.17608
6.30799, 5.34417, 1.71394, 79.861, 0.105, 98.342, -0.97392, -0.14313, -0.17604
6.23920, 5.34500, 1.71039, 79.871, 0.023, 98.456, -0.97370, -0.14482, -0.17587
6.18471, 5.34563, 1.69611, 79.886, -0.070, 98.317, -0.97414, -0.14219, -0.17561
6.13540, 5.34630, 1.70726, 79.907, -0.149, 98.741, -0.97316, -0.14917, -0.17524
6.08660, 5.34715, 1.68871, 79.921, -0.182, 98.461, -0.97393, -0.14431, -0.17500
6.03340, 5.34820, 1.71891, 79.965, -0.187, 99.260, -0.97196, -0.15789, -0.17425
5.96610, 5.34948, 1.69197, 80.278, -0.054, 98.716, -0.97428, -0.14920, -0.16886
5.89960, 5.35090, 1.68648, 80.690, 0.163, 98.620, -0.97561, -0.14836, -0.16177
5.84880, 5.35240, 1.70565, 80.852, 0.315, 99.050, -0.97485, -0.15615, -0.15899
5.80300, 5.35380, 1.68790, 80.930, 0.383, 98.634, -0.97615, -0.14928, -0.15764
5.75588, 5.35477, 1.70713, 81.009, 0.298, 99.116, -0.97511, -0.15728, -0.15628
5.70340, 5.35580, 1.72430, 81.085, 0.154, 99.574, -0.97409, -0.16473, -0.15497
5.63654, 5.35744, 1.68925, 81.194, 0.042, 98.845, -0.97644, -0.15206, -0.15308
5.57020, 5.35910, 1.69910, 81.303, -0.012, 99.121, -0.97601, -0.15667, -0.15121
5.51934, 5.36032, 1.69254, 81.365, 0.029, 98.963, -0.97658, -0.15410, -0.15013
5.47420, 5.36130, 1.69683, 81.453, 0.134, 99.052, -0.97652, -0.15592, -0.14862
5.42956, 5.36215, 1.68513, 81.689, 0.261, 98.902, -0.97748, -0.15377, -0.14455
5.38000, 5.36300, 1.71329, 81.846, 0.425, 99.790, -0.97529, -0.16936, -0.14184
5.31454, 5.36411, 1.71219, 81.664, 0.619, 100.046, -0.97399, -0.17413, -0.14497
5.25040, 5.36520, 1.70087, 81.482, 0.826, 100.062, -0.97339, -0.17489, -0.14810
5.20574, 5.36617, 1.70828, 81.743, 1.030, 100.383, -0.97297, -0.18089, -0.14359
5.16520, 5.36680, 1.71632, 82.004, 1.207, 100.745, -0.97237, -0.18751, -0.13907
5.11683, 5.36698, 1.70422, 81.552, 1.352, 100.923, -0.97057, -0.19084, -0.14686
5.06380, 5.36710, 1.69489, 81.101, 1.428, 101.007, -0.96905, -0.19242, -0.15465
5.00429, 5.36750, 1.69669, 81.148, 1.450, 101.051, -0.96902, -0.19321, -0.15384
4.94680, 5.36790, 1.71503, 81.194, 1.453, 101.471, -0.96770, -0.20034, -0.15303
4.90045, 5.36807, 1.67981, 80.955, 1.354, 100.516, -0.97030, -0.18389, -0.15717
4.85920, 5.36820, 1.69316, 80.715, 1.256, 100.673, -0.96917, -0.18626, -0.16130
4.81977, 5.36846, 1.68185, 80.815, 1.256, 100.481, -0.97007, -0.18301, -0.15959
4.77700, 5.36870, 1.67551, 80.915, 1.262, 100.397, -0.97061, -0.18162, -0.15787
4.72149, 5.36885, 1.67708, 80.737, 1.273, 100.416, -0.97005, -0.18196, -0.16093
4.66660, 5.36890, 1.69277, 80.470, 1.296, 100.757, -0.96817, -0.18775, -0.16552
4.62523, 5.36890, 1.67730, 80.378, 1.335, 100.393, -0.96905, -0.18168, -0.16710
4.58860, 5.36890, 1.68326, 80.304, 1.375, 100.533, -0.96837, -0.18416, -0.16838
4.55114, 5.36887, 1.71062, 80.167, 1.397, 101.284, -0.96545, -0.19688, -0.17073
4.51060, 5.36880, 1.69167, 79.981, 1.422, 100.962, -0.96596, -0.19150, -0.17392
4.46035, 5.36875, 1.69103, 79.730, 1.480, 100.936, -0.96524, -0.19120, -0.17822
4.41160, 5.36870, 1.69955, 79.482, 1.517, 101.116, -0.96382, -0.19430, -0.18248
4.37520, 5.36867, 1.71317, 79.312, 1.515, 101.283, -0.96270, -0.19708, -0.18539
4.34380, 5.36860, 1.71438, 79.176, 1.501, 101.073, -0.96298, -0.19346, -0.18773
4.31223, 5.36843, 1.68418, 79.054, 1.442, 100.175, -0.96552, -0.17814, -0.18982
4.27900, 5.36820, 1.70106, 78.905, 1.367, 100.453, -0.96419, -0.18256, -0.19238
4.23804, 5.36799, 1.70847, 78.624, 1.326, 100.665, -0.96257, -0.18592, -0.19720
4.19980, 5.36770, 1.70838, 78.409, 1.313, 100.730, -0.96162, -0.18692, -0.20088
4.17376, 5.36726, 1.72134, 78.363, 1.366, 101.040, -0.96040, -0.19227, -0.20166
4.15360, 5.36680, 1.68995, 78.347, 1.441, 100.339, -0.96258, -0.18078, -0.20191
4.13375, 5.36649, 1.70305, 78.324, 1.467, 100.733, -0.96121, -0.18746, -0.20231
4.11460, 5.36610, 1.69322, 78.307, 1.471, 100.571, -0.96167, -0.18476, -0.20261
4.09258, 5.36538, 1.69326, 78.300, 1.409, 100.527, -0.96183, -0.18381, -0.20273
4.07320, 5.36460, 1.71955, 78.286, 1.348, 101.086, -0.95998, -0.19296, -0.20297
4.06072, 5.36403, 1.70795, 78.247, 1.360, 100.825, -0.96071, -0.18862, -0.20363
4.05220, 5.36350, 1.69258, 78.194, 1.373, 100.520, -0.96150, -0.18353, -0.20453
4.04241, 5.36273, 1.69542, 78.124, 1.364, 100.645, -0.96085, -0.18558, -0.20573
4.03780, 5.36230, 1.68949, 78.084, 1.355, 100.773, -0.96029, -0.18768, -0.20642
4.03780, 5.36230, 1.68254, 78.100, 1.360, 102.388, -0.95468, -0.21470, -0.20615
4.03780, 5.36230, 1.71653, 78.035, 1.348, 104.980, -0.94376, -0.25758, -0.20727
4.03780, 5.36230, 1.71664, 77.981, 1.327, 106.785, -0.93501, -0.28707, -0.20818
4.03780, 5.36230, 1.70426, 77.995, 1.313, 108.272, -0.92732, -0.31119, -0.20794
4.03780, 5.36230, 1.72425, 78.427, 1.476, 110.430, -0.91624, -0.34682, -0.20055
4.03780, 5.36230, 1.71703, 78.134, 1.514, 111.969, -0.90554, -0.37115, -0.20555
4.03780, 5.36230, 1.72229, 78.211, 1.644, 113.833, -0.89307, -0.40091, -0.20422
4.03780, 5.36230, 1.69753, 77.707, 1.458, 115.126, -0.88232, -0.41977, -0.21284
4.03780, 5.36230, 1.70104, 77.826, 1.589, 116.981, -0.86846, -0.44870, -0.21081
4.03780, 5.36230, 1.69492, 77.683, 1.490, 118.506, -0.85589, -0.47115, -0.21325
4.03780, 5.36230, 1.70436, 77.841, 1.653, 120.402, -0.84007, -0.49995, -0.21054
4.03780, 5.36230, 1.72209, 78.168, 2.131, 122.435, -0.82198, -0.53139, -0.20489
4.03780, 5.36230, 1.70850, 77.884, 1.891, 123.724, -0.80935, -0.54858, -0.20978
4.03780, 5.36230, 1.68922, 77.461, 1.305, 125.006, -0.79672, -0.56403, -0.21704
4.03780, 5.36230, 1.71501, 77.869, 2.202, 127.321, -0.77260, -0.59917, -0.20999
4.03780, 5.36230, 1.69737, 77.563, 1.705, 128.625, -0.75891, -0.61458, -0.21527
4.03780, 5.36230, 1.68567, 77.438, 1.174, 130.105, -0.74368, -0.63218, -0.21745
4.03780, 5.36230, 1.69634, 77.666, 1.586, 132.072, -0.72121, -0.65899, -0.21353
4.03780, 5.36230, 1.71451, 77.980, 2.487, 134.196, -0.69495, -0.68830, -0.20806
4.03780, 5.36230, 1.69878, 77.956, 1.835, 135.649, -0.67888, -0.70401, -0.20855
4.03780, 5.36230, 1.69893, 78.006, 1.826, 137.393, -0.65731, -0.72443, -0.20771
4.03780, 5.36230, 1.70767, 78.102, 2.230, 139.260, -0.63253, -0.74663, -0.20601
4.03780, 5.36230, 1.71821, 78.248, 2.924, 141.264, -0.60451, -0.77019, -0.20341
4.03780, 5.36230, 1.68812, 78.066, 1.292, 142.363, -0.59377, -0.77762, -0.20673
4.03780, 5.36230, 1.68868, 78.165, 1.379, 144.158, -0.56910, -0.79629, -0.20504
4.03780, 5.36230, 1.68371, 78.141, 1.164, 145.758, -0.54724, -0.81137, -0.20546
4.03780, 5.36230, 1.71469, 78.391, 2.858, 148.206, -0.50757, -0.83784, -0.20099
4.03780, 5.36230, 1.71981, 78.576, 3.186, 150.077, -0.47941, -0.85502, -0.19776
4.03780, 5.36230, 1.69718, 78.451, 2.076, 151.206, -0.46556, -0.86211, -0.20007
4.03780, 5.36230, 1.71853, 78.531, 3.088, 153.325, -0.43040, -0.88053, -0.19855
4.03780, 5.36230, 1.71323, 78.617, 2.806, 154.832, -0.40816, -0.89137, -0.19713
4.03780, 5.36230, 1.69871, 78.694, 2.156, 156.099, -0.39055, -0.89949, -0.19591
4.03780, 5.36230, 1.71591, 78.795, 2.909, 158.143, -0.35605, -0.91409, -0.19407
4.03780, 5.36230, 1.68424, 78.878, 1.578, 159.111, -0.34491, -0.91862, -0.19282
4.03780, 5.36230, 1.69878, 78.935, 2.268, 161.077, -0.31108, -0.93084, -0.19177
4.03780, 5.36230, 1.71175, 78.962, 2.827, 163.002, -0.27790, -0.94138, -0.19123
4.03780, 5.36230, 1.71824, 78.969, 3.062, 164.784, -0.24775, -0.94980, -0.19107
4.03780, 5.36230, 1.71014, 78.983, 2.694, 166.237, -0.22480, -0.95553, -0.19088
4.03780, 5.36230, 1.71213, 78.993, 2.706, 167.929, -0.19646, -0.96179, -0.19071
4.03780, 5.36230, 1.72249, 78.997, 3.016, 169.820, -0.16361, -0.96794, -0.19059
4.03780, 5.36230, 1.69190, 79.003, 1.967, 170.766, -0.15105, -0.96997, -0.19065
4.03780, 5.36230, 1.70751, 78.990, 2.435, 173.021, -0.11121, -0.97531, -0.19081
4.03780, 5.36230, 1.70858, 78.927, 2.458, 174.562, -0.08481, -0.97775, -0.19189
4.03780, 5.36230, 1.69381, 78.900, 2.048, 173.796, -0.09920, -0.97629, -0.19240
4.03778, 5.37085, 1.68642, 78.916, 1.861, 173.694, -0.10158, -0.97610, -0.19214
4.03772, 5.39238, 1.71413, 78.956, 2.535, 174.495, -0.08572, -0.97777, -0.19137
4.03761, 5.41091, 1.68411, 78.989, 1.803, 173.943, -0.09759, -0.97674, -0.19091
4.03745, 5.42410, 1.70405, 79.002, 2.224, 174.490, -0.08689, -0.97781, -0.19063
4.03725, 5.43499, 1.68791, 79.009, 1.861, 174.185, -0.09329, -0.97723, -0.19056
4.03709, 5.44061, 1.72273, 79.027, 2.516, 175.003, -0.07718, -0.97871, -0.19016
4.03701, 5.44314, 1.69416, 79.064, 2.033, 174.293, -0.09095, -0.97764, -0.18959
4.03698, 5.44418, 1.70281, 79.114, 2.272, 174.355, -0.08915, -0.97798, -0.18871
4.03686, 5.44430, 1.70851, 79.155, 2.430, 174.377, -0.08829, -0.97819, -0.18799
4.03658, 5.44316, 1.69534, 79.188, 2.284, 174.014, -0.09500, -0.97767, -0.18744
4.03612, 5.43951, 1.70818, 79.213, 2.460, 174.272, -0.09006, -0.97823, -0.18698
4.03567, 5.43465, 1.68839, 79.222, 2.319, 173.809, -0.09842, -0.97744, -0.18686
4.03528, 5.42978, 1.70294, 79.193, 2.600, 174.282, -0.08940, -0.97822, -0.18731
4.03488, 5.42369, 1.70677, 79.131, 2.811, 174.669, -0.08203, -0.97867, -0.18834
4.03446, 5.41509, 1.72121, 79.102, 3.032, 175.140, -0.07323, -0.97928, -0.18879
4.03402, 5.40467, 1.69926, 79.103, 3.011, 174.581, -0.08285, -0.97852, -0.18879
4.03356, 5.39179, 1.70443, 79.105, 3.095, 174.544, -0.08320, -0.97850, -0.18873
4.03306, 5.37620, 1.69506, 79.111, 3.097, 174.164, -0.08970, -0.97794, -0.18862
4.03251, 5.35846, 1.70693, 79.127, 3.079, 174.301, -0.08743, -0.97820, -0.18836
4.03192, 5.33797, 1.69969, 79.152, 3.017, 173.989, -0.09300, -0.97777, -0.18794
4.03141, 5.31614, 1.69842, 79.169, 2.988, 173.759, -0.09704, -0.97743, -0.18765
4.03101, 5.29388, 1.69795, 79.175, 3.065, 173.440, -0.10224, -0.97692, -0.18755
4.03069, 5.27023, 1.69391, 79.175, 3.236, 172.979, -0.10954, -0.97614, -0.18751
4.03033, 5.24513, 1.68176, 79.180, 3.331, 172.484, -0.11766, -0.97521, -0.18740
4.02990, 5.21881, 1.71972, 79.202, 3.344, 173.282, -0.10406, -0.97683, -0.18704
4.02944, 5.19101, 1.68642, 79.238, 3.346, 172.500, -0.11743, -0.97543, -0.18641
4.02899, 5.16280, 1.71663, 79.265, 3.359, 173.155, -0.10626, -0.97680, -0.18594
4.02858, 5.13533, 1.71034, 79.279, 3.488, 172.924, -0.10981, -0.97646, -0.18568
4.02820, 5.10749, 1.69750, 79.285, 3.732, 172.524, -0.11584, -0.97579, -0.18552
4.02773, 5.07689, 1.71548, 79.286, 3.843, 172.889, -0.10927, -0.97655, -0.18548
4.02713, 5.04298, 1.70599, 79.275, 3.800, 172.653, -0.11341, -0.97604, -0.18569
4.02645, 5.00628, 1.69846, 79.245, 3.710, 172.462, -0.11691, -0.97553, -0.18623
4.02583, 4.97000, 1.71471, 79.214, 3.668, 172.874, -0.10999, -0.97623, -0.18675
4.02529, 4.93507, 1.70209, 79.194, 3.716, 172.463, -0.11679, -0.97538, -0.18709
4.02480, 4.90047, 1.70147, 79.174, 3.842, 172.315, -0.11888, -0.97506, -0.18740
4.02433, 4.86548, 1.70314, 79.139, 3.963, 172.305, -0.11860, -0.97498, -0.18798
4.02388, 4.83093, 1.69400, 79.069, 4.077, 172.096, -0.12166, -0.97438, -0.18915
4.02345, 4.79613, 1.69093, 78.982, 4.192, 172.148, -0.12025, -0.97427, -0.19061
4.02300, 4.75805, 1.69784, 78.945, 4.234, 172.443, -0.11503, -0.97478, -0.19123
4.02251, 4.71545, 1.71680, 78.944, 4.178, 173.013, -0.10552, -0.97585, -0.19126
4.02200, 4.66948, 1.69448, 78.944, 4.059, 171.960, -0.12384, -0.97369, -0.19129
4.02156, 4.62575, 1.70674, 78.943, 4.003, 172.329, -0.11774, -0.97444, -0.19132
4.02121, 4.58630, 1.70239, 78.931, 4.065, 172.166, -0.12029, -0.97409, -0.19151
4.02093, 4.54905, 1.69765, 78.900, 4.219, 171.994, -0.12265, -0.97370, -0.19200
4.02062, 4.50945, 1.70370, 78.865, 4.348, 172.331, -0.11643, -0.97435, -0.19256
4.02027, 4.46601, 1.69696, 78.821, 4.423, 172.054, -0.12081, -0.97368, -0.19329
4.01991, 4.42024, 1.69878, 78.772, 4.476, 172.223, -0.11767, -0.97389, -0.19412
4.01954, 4.37600, 1.70209, 78.753, 4.526, 172.442, -0.11375, -0.97430, -0.19444
4.01917, 4.33427, 1.70271, 78.754, 4.569, 172.424, -0.11392, -0.97428, -0.19441
4.01878, 4.29400, 1.70549, 78.756, 4.607, 172.518, -0.11219, -0.97449, -0.19436
4.01841, 4.25340, 1.70624, 78.757, 4.676, 172.549, -0.11144, -0.97459, -0.19433
4.01813, 4.21232, 1.70351, 78.710, 4.804, 172.321, -0.11478, -0.97405, -0.19509
4.01787, 4.17100, 1.70177, 78.609, 4.966, 172.140, -0.11712, -0.97343, -0.19677
4.01739, 4.12880, 1.70603, 78.562, 5.058, 172.693, -0.10733, -0.97440, -0.19754
4.01666, 4.08499, 1.70459, 78.568, 5.090, 172.423, -0.11182, -0.97392, -0.19743
4.01571, 4.04020, 1.70493, 78.581, 5.103, 172.276, -0.11429, -0.97368, -0.19720
4.01472, 3.99740, 1.70355, 78.587, 5.104, 171.671, -0.12457, -0.97244, -0.19710
4.01376, 3.95745, 1.70371, 78.570, 5.089, 171.531, -0.12697, -0.97207, -0.19740
4.01275, 3.91949, 1.70361, 78.522, 5.056, 171.102, -0.13426, -0.97092, -0.19821
4.01166, 3.88075, 1.70364, 78.474, 5.041, 171.365, -0.12975, -0.97136, -0.19904
4.01046, 3.83977, 1.70367, 78.432, 5.049, 170.659, -0.14159, -0.96956, -0.19975
4.00916, 3.79800, 1.70369, 78.388, 5.071, 170.604, -0.14236, -0.96929, -0.20050
4.00797, 3.75885, 1.70372, 78.345, 5.087, 170.209, -0.14889, -0.96817, -0.20121
4.00693, 3.72311, 1.70374, 78.304, 5.093, 169.688, -0.15759, -0.96664, -0.20191
4.00599, 3.68997, 1.70376, 78.265, 5.095, 170.031, -0.15171, -0.96744, -0.20257
4.00501, 3.65650, 1.70378, 78.233, 5.104, 169.445, -0.16150, -0.96574, -0.20313
4.00395, 3.62113, 1.70380, 78.205, 5.179, 169.551, -0.15939, -0.96600, -0.20357
4.00287, 3.58543, 1.70382, 78.184, 5.334, 169.453, -0.16045, -0.96576, -0.20388
4.00183, 3.55245, 1.70383, 78.170, 5.439, 169.013, -0.16745, -0.96452, -0.20409
4.00088, 3.52228, 1.70384, 78.161, 5.481, 168.801, -0.17087, -0.96390, -0.20422
3.99998, 3.49475, 1.70385, 78.159, 5.498, 168.584, -0.17445, -0.96325, -0.20426
3.99907, 3.46890, 1.70386, 78.156, 5.500, 168.363, -0.17814, -0.96256, -0.20431
3.99811, 3.44400, 1.70386, 78.149, 5.454, 168.159, -0.18172, -0.96187, -0.20443
3.99714, 3.42084, 1.70387, 78.143, 5.341, 167.899, -0.18646, -0.96093, -0.20458
3.99616, 3.39880, 1.70387, 78.138, 5.251, 167.605, -0.19169, -0.95987, -0.20470
3.99513, 3.37671, 1.70388, 78.134, 5.211, 167.399, -0.19527, -0.95913, -0.20477
3.99410, 3.35569, 1.70388, 78.133, 5.193, 167.299, -0.19700, -0.95877, -0.20480
3.99318, 3.33765, 1.70388, 78.131, 5.159, 167.063, -0.20107, -0.95792, -0.20484
3.99240, 3.32214, 1.70388, 78.129, 5.085, 166.860, -0.20471, -0.95713, -0.20491
