-1.20000, 18.00000, 2.50000, 80.000, 0.000, -90.000, 0.98481, -0.00000, -0.17365
-1.20000, 17.99233, 2.50000, 80.000, 0.000, -90.000, 0.98481, -0.00000, -0.17365
-1.20000, 17.96989, 2.50000, 80.000, 0.000, -90.000, 0.98481, -0.00000, -0.17365
-1.20000, 17.94368, 2.50000, 80.000, 0.000, -90.000, 0.98481, -0.00000, -0.17365
-1.20000, 17.91809, 2.50000, 80.000, 0.000, -90.000, 0.98481, -0.00000, -0.17365
-1.20000, 17.88831, 2.50000, 80.000, 0.000, -90.000, 0.98481, -0.00000, -0.17365
-1.20000, 17.85448, 2.50000, 80.000, 0.000, -90.000, 0.98481, -0.00000, -0.17365
-1.20000, 17.81812, 2.50000, 80.000, 0.000, -90.000, 0.98481, -0.00000, -0.17365
-1.20000, 17.77771, 2.50000, 80.000, 0.000, -90.000, 0.98481, -0.00000, -0.17365
-1.20000, 17.73342, 2.50000, 80.000, 0.000, -90.000, 0.98481, -0.00000, -0.17365
-1.20000, 17.68640, 2.49879, 80.000, 0.000, -89.629, 0.98479, 0.00638, -0.17365
-1.20000, 17.63544, 2.50083, 80.000, 0.000, -89.193, 0.98471, 0.01388, -0.17365
-1.20000, 17.58190, 2.54065, 80.000, 0.000, -88.693, 0.98455, 0.02246, -0.17365
-1.20000, 17.52648, 2.52938, 80.000, 0.000, -88.131, 0.98428, 0.03212, -0.17365
-1.20000, 17.46835, 2.44965, 80.000, 0.000, -87.508, 0.98388, 0.04282, -0.17365
-1.20000, 17.40962, 2.49283, 80.000, 0.000, -86.825, 0.98330, 0.05454, -0.17365
-1.20000, 17.35077, 2.56841, 80.000, 0.000, -86.084, 0.98251, 0.06725, -0.17365
-1.20000, 17.29121, 2.52159, 80.000, 0.000, -85.287, 0.98148, 0.08092, -0.17365
-1.20000, 17.23207, 2.49772, 80.000, 0.000, -84.435, 0.98017, 0.09551, -0.17365
-1.20000, 17.17370, 2.49847, 80.000, 0.000, -83.530, 0.97853, 0.11098, -0.17365
-1.19930, 17.11574, 2.48858, 80.000, 0.000, -83.249, 0.97798, 0.11577, -0.17365
-1.20001, 17.05747, 2.44704, 80.000, 0.000, -82.974, 0.97741, 0.12046, -0.17365
-1.19946, 16.99863, 2.46226, 80.000, 0.000, -82.706, 0.97684, 0.12503, -0.17365
-1.20099, 16.93950, 2.60570, 80.000, 0.000, -82.444, 0.97626, 0.12950, -0.17365
-1.19540, 16.88063, 2.43791, 80.000, 0.000, -82.189, 0.97567, 0.13384, -0.17365
-1.20021, 16.82226, 2.42723, 80.000, 0.000, -81.941, 0.97508, 0.13806, -0.17365
-1.19565, 16.76415, 2.55595, 80.000, 0.000, -81.700, 0.97449, 0.14216, -0.17365
-1.19791, 16.70580, 2.46207, 80.000, 0.000, -81.467, 0.97391, 0.14612, -0.17365
-1.20713, 16.64697, 2.51822, 80.000, 0.000, -81.241, 0.97332, 0.14996, -0.17365
-1.19503, 16.58788, 2.51647, 80.000, 0.000, -81.024, 0.97275, 0.15365, -0.17365
-1.20976, 16.52913, 2.58491, 80.000, 0.000, -80.814, 0.97218, 0.15721, -0.17365
-1.19903, 16.47098, 2.50838, 80.000, 0.000, -80.613, 0.97162, 0.16063, -0.17365
-1.19267, 16.41316, 2.48640, 80.000, 0.000, -80.420, 0.97107, 0.16390, -0.17365
-1.20011, 16.35489, 2.57961, 80.000, 0.000, -80.236, 0.97054, 0.16702, -0.17365
-1.19889, 16.29585, 2.51564, 80.000, 0.000, -80.060, 0.97003, 0.16999, -0.17365
-1.19768, 16.23634, 2.49276, 80.000, 0.000, -79.894, 0.96953, 0.17281, -0.17365
-1.19674, 16.17732, 2.53015, 80.000, 0.000, -79.736, 0.96905, 0.17548, -0.17365
-1.19467, 16.11912, 2.51958, 80.000, 0.000, -79.588, 0.96859, 0.17798, -0.17365
-1.19711, 16.06140, 2.51678, 80.000, 0.000, -79.449, 0.96816, 0.18033, -0.17365
-1.20547, 16.00326, 2.38072, 80.000, 0.000, -79.320, 0.96775, 0.18251, -0.17365
-1.20772, 15.94436, 2.51013, 80.000, 0.000, -79.200, 0.96736, 0.18454, -0.17365
-1.19089, 15.88504, 2.44410, 80.000, 0.000, -79.090, 0.96701, 0.18639, -0.17365
-1.20109, 15.82614, 2.56244, 80.000, 0.000, -78.990, 0.96668, 0.18808, -0.17365
-1.20320, 15.76798, 2.53110, 80.000, 0.000, -78.899, 0.96638, 0.18961, -0.17365
-1.20646, 15.71024, 2.45949, 80.000, 0.000, -78.819, 0.96612, 0.19096, -0.17365
-1.19141, 15.65208, 2.52611, 80.000, 0.000, -78.749, 0.96588, 0.19215, -0.17365
-1.19796, 15.59322, 2.50753, 80.000, 0.000, -78.689, 0.96568, 0.19316, -0.17365
-1.18894, 15.53394, 2.47741, 80.000, 0.000, -78.639, 0.96551, 0.19400, -0.17365
-1.18958, 15.47496, 2.45418, 80.000, 0.000, -78.599, 0.96538, 0.19467, -0.17365
-1.19826, 15.41656, 2.41205, 80.000, 0.000, -78.570, 0.96528, 0.19517, -0.17365
-1.19698, 15.35845, 2.58473, 80.000, 0.000, -78.550, 0.96521, 0.19549, -0.17365
-1.20777, 15.30000, 2.53717, 80.000, 0.000, -78.542, 0.96518, 0.19564, -0.17365
-1.19342, 15.24093, 2.49613, 80.000, 0.000, -78.543, 0.96518, 0.19562, -0.17365
-1.20679, 15.18150, 2.49755, 80.000, 0.000, -78.555, 0.96522, 0.19542, -0.17365
-1.20600, 15.12252, 2.49753, 80.000, 0.000, -78.577, 0.96530, 0.19505, -0.17365
-1.19770, 15.06427, 2.46323, 80.000, 0.000, -78.609, 0.96541, 0.19450, -0.17365
-1.20394, 15.00646, 2.51240, 80.000, 0.000, -78.652, 0.96555, 0.19378, -0.17365
-1.19372, 14.94828, 2.53174, 80.000, 0.000, -78.704, 0.96573, 0.19289, -0.17365
-1.19981, 14.88945, 2.59490, 80.000, 0.000, -78.767, 0.96594, 0.19183, -0.17365
-1.19475, 14.83024, 2.48013, 80.000, 0.000, -78.841, 0.96619, 0.19060, -0.17365
-1.20212, 14.77134, 2.54081, 80.000, 0.000, -78.924, 0.96646, 0.18920, -0.17365
-1.19336, 14.71289, 2.47157, 80.000, 0.000, -79.017, 0.96677, 0.18763, -0.17365
-1.19974, 14.65473, 2.52790, 80.000, 0.000, -79.120, 0.96710, 0.18589, -0.17365
-1.20815, 14.59656, 2.45290, 80.000, 0.000, -79.232, 0.96747, 0.18399, -0.17365
-1.19402, 14.53838, 2.53212, 80.000, 0.000, -79.355, 0.96786, 0.18192, -0.17365
-1.20106, 14.48021, 2.44349, 80.000, 0.000, -79.487, 0.96828, 0.17969, -0.17365
-1.20503, 14.42178, 2.55993, 80.000, 0.000, -79.628, 0.96872, 0.17730, -0.17365
-1.20034, 14.36294, 2.53000, 80.000, 0.000, -79.779, 0.96918, 0.17475, -0.17365
-1.19802, 14.30382, 2.46023, 80.000, 0.000, -79.939, 0.96966, 0.17204, -0.17365
-1.20678, 14.24502, 2.58301, 80.000, 0.000, -80.108, 0.97017, 0.16918, -0.17365
-1.20482, 14.18678, 2.50055, 80.000, 0.000, -80.286, 0.97069, 0.16616, -0.17365
-1.20907, 14.12886, 2.53832, 80.000, 0.000, -80.473, 0.97123, 0.16300, -0.17365
-1.19327, 14.07060, 2.48001, 80.000, 0.000, -80.668, 0.97178, 0.15969, -0.17365
-1.19648, 14.01173, 2.55138, 80.000, 0.000, -80.872, 0.97234, 0.15623, -0.17365
-1.19288, 13.95252, 2.51192, 80.000, 0.000, -81.084, 0.97291, 0.15263, -0.17365
-1.20458, 13.89366, 2.55076, 80.000, 0.000, -81.304, 0.97349, 0.14890, -0.17365
-1.19867, 13.83542, 2.50406, 80.000, 0.000, -81.532, 0.97407, 0.14503, -0.17365
-1.19381, 13.77753, 2.55018, 80.000, 0.000, -81.767, 0.97466, 0.14102, -0.17365
-1.20217, 13.71924, 2.50587, 80.000, 0.000, -82.010, 0.97525, 0.13689, -0.17365
-1.18921, 13.66026, 2.54275, 80.000, 0.000, -82.260, 0.97584, 0.13264, -0.17365
-1.20661, 13.60088, 2.47423, 80.000, 0.000, -82.517, 0.97642, 0.12826, -0.17365
-1.19743, 13.54194, 2.49835, 80.000, 0.000, -82.780, 0.97700, 0.12376, -0.17365
-1.19204, 13.48377, 2.48031, 80.000, 0.000, -83.051, 0.97757, 0.11916, -0.17365
-1.20998, 13.42605, 2.43626, 80.000, 0.000, -83.327, 0.97814, 0.11444, -0.17365
-1.19072, 13.36788, 2.53388, 80.000, 0.000, -83.609, 0.97869, 0.10961, -0.17365
-1.20414, 13.30896, 2.48858, 80.000, 0.000, -83.898, 0.97923, 0.10469, -0.17365
-1.19314, 13.24959, 2.58819, 80.000, 0.000, -84.191, 0.97975, 0.09967, -0.17365
-1.19564, 13.19058, 2.55934, 80.000, 0.000, -84.490, 0.98026, 0.09456, -0.17365
-1.20128, 13.13210, 2.51428, 80.000, 0.000, -84.794, 0.98075, 0.08936, -0.17365
-1.19240, 13.07394, 2.53255, 80.000, 0.000, -85.103, 0.98121, 0.08407, -0.17365
-1.19366, 13.01580, 2.57340, 80.000, 0.000, -85.416, 0.98166, 0.07871, -0.17365
-1.19992, 12.95772, 2.50584, 80.000, 0.000, -85.733, 0.98208, 0.07328, -0.17365
-1.19902, 12.89967, 2.55569, 80.000, 0.000, -86.054, 0.98247, 0.06778, -0.17365
-1.20239, 12.84120, 2.41665, 80.000, 0.000, -86.378, 0.98284, 0.06221, -0.17365
-1.19604, 12.78204, 2.49522, 80.000, 0.000, -86.706, 0.98318, 0.05659, -0.17365
-1.19901, 12.72243, 2.44434, 80.000, 0.000, -87.036, 0.98349, 0.05092, -0.17365
-1.19869, 12.66336, 2.43676, 80.000, 0.000, -87.370, 0.98377, 0.04519, -0.17365
-1.20009, 12.60520, 2.45231, 80.000, 0.000, -87.706, 0.98402, 0.03943, -0.17365
-1.20057, 12.54759, 2.58812, 80.000, 0.000, -88.043, 0.98423, 0.03363, -0.17365
-1.20000, 12.48948, 2.45796, 80.000, 0.000, -88.383, 0.98442, 0.02779, -0.17365
-1.20000, 12.43049, 2.41040, 80.000, 0.000, -88.724, 0.98456, 0.02193, -0.17365
-1.20000, 12.37101, 2.52357, 80.000, 0.000, -89.066, 0.98468, 0.01605, -0.17365
-1.20000, 12.31200, 2.58881, 80.000, 0.000, -89.409, 0.98476, 0.01016, -0.17365
-1.20000, 12.25379, 2.41949, 80.000, 0.000, -89.753, 0.98480, 0.00425, -0.17365
-1.20000, 12.19605, 2.51812, 80.000, 0.000, -90.096, 0.98481, -0.00166, -0.17365
-1.20000, 12.13794, 2.51187, 80.000, 0.000, -90.440, 0.98478, -0.00756, -0.17365
-1.20000, 12.07918, 2.49243, 80.000, 0.000, -90.783, 0.98472, -0.01346, -0.17365
-1.20000, 12.02005, 2.51173, 80.000, 0.000, -91.126, 0.98462, -0.01935, -0.17365
-1.20000, 11.96118, 2.46089, 80.000, 0.000, -91.467, 0.98448, -0.02522, -0.17365
-1.20000, 11.90279, 2.59492, 80.000, 0.000, -91.808, 0.98432, -0.03106, -0.17365
-1.20000, 11.84465, 2.52946, 80.000, 0.000, -92.146, 0.98412, -0.03688, -0.17365
-1.20000, 11.78622, 2.54131, 80.000, 0.000, -92.483, 0.98388, -0.04266, -0.17365
-1.20000, 11.72725, 2.44988, 80.000, 0.000, -92.817, 0.98362, -0.04841, -0.17365
-1.20000, 11.66798, 2.51704, 80.000, 0.000, -93.149, 0.98332, -0.05410, -0.17365
-1.20000, 11.60910, 2.47026, 80.000, 0.000, -93.478, 0.98299, -0.05975, -0.17365
-1.20000, 11.55088, 2.54192, 80.000, 0.000, -93.804, 0.98264, -0.06534, -0.17365
-1.20000, 11.49306, 2.47043, 80.000, 0.000, -94.127, 0.98225, -0.07087, -0.17365
-1.20000, 11.43486, 2.49307, 80.000, 0.000, -94.446, 0.98184, -0.07633, -0.17365
-1.20000, 11.37600, 2.48664, 80.000, 0.000, -94.760, 0.98141, -0.08173, -0.17365
-1.20000, 11.31678, 2.50802, 80.000, 0.000, -95.071, 0.98095, -0.08705, -0.17365
-1.20000, 11.25792, 2.56263, 80.000, 0.000, -95.377, 0.98047, -0.09228, -0.17365
-1.20000, 11.19974, 2.49581, 80.000, 0.000, -95.678, 0.97998, -0.09743, -0.17365
-1.20000, 11.14193, 2.47475, 80.000, 0.000, -95.974, 0.97946, -0.10250, -0.17365
-1.20000, 11.08368, 2.47132, 80.000, 0.000, -96.265, 0.97893, -0.10746, -0.17365
-1.20000, 11.02465, 2.49980, 80.000, 0.000, -96.550, 0.97838, -0.11233, -0.17365
-1.20000, 10.96517, 2.42604, 80.000, 0.000, -96.829, 0.97782, -0.11710, -0.17365
-1.20000, 10.90620, 2.56579, 80.000, 0.000, -97.102, 0.97725, -0.12175, -0.17365
-1.20000, 10.84813, 2.46868, 80.000, 0.000, -97.368, 0.97668, -0.12630, -0.17365
-1.20000, 10.79057, 2.56747, 80.000, 0.000, -97.628, 0.97609, -0.13073, -0.17365
-1.20000, 10.73250, 2.50011, 80.000, 0.000, -97.881, 0.97551, -0.13504, -0.17365
-1.20000, 10.67349, 2.56645, 80.000, 0.000, -98.127, 0.97492, -0.13922, -0.17365
-1.20000, 10.61396, 2.52485, 80.000, 0.000, -98.366, 0.97433, -0.14328, -0.17365
-1.20000, 10.55502, 2.47021, 80.000, 0.000, -98.597, 0.97374, -0.14721, -0.17365
-1.20000, 10.49708, 2.56117, 80.000, 0.000, -98.820, 0.97316, -0.15101, -0.17365
-1.20000, 10.43973, 2.49453, 80.000, 0.000, -99.036, 0.97259, -0.15467, -0.17365
-1.20000, 10.38186, 2.42874, 80.000, 0.000, -99.243, 0.97202, -0.15818, -0.17365
-1.20000, 10.32324, 2.47901, 80.000, 0.000, -99.442, 0.97147, -0.16156, -0.17365
-1.20000, 10.26412, 2.42924, 80.000, 0.000, -99.633, 0.97092, -0.16479, -0.17365
-1.20000, 10.20492, 2.53346, 80.000, 0.000, -99.815, 0.97039, -0.16787, -0.17365
-1.20000, 10.14563, 2.41829, 80.000, 0.000, -99.988, 0.96988, -0.17080, -0.17365
-1.20000, 10.08623, 2.43889, 80.000, 0.000, -100.152, 0.96939, -0.17357, -0.17365
-1.20000, 10.02726, 2.52543, 80.000, 0.000, -100.306, 0.96892, -0.17619, -0.17365
-1.20000, 9.96886, 2.43958, 80.000, 0.000, -100.452, 0.96847, -0.17866, -0.17365
-1.20000, 9.91090, 2.44375, 80.000, 0.000, -100.588, 0.96804, -0.18096, -0.17365
-1.20000, 9.85284, 2.50278, 80.000, 0.000, -100.715, 0.96764, -0.18310, -0.17365
-1.20000, 9.79467, 2.48675, 80.000, 0.000, -100.832, 0.96726, -0.18507, -0.17365
-1.20000, 9.73644, 2.54585, 80.000, 0.000, -100.939, 0.96691, -0.18688, -0.17365
-1.20000, 9.67788, 2.50192, 80.000, 0.000, -101.037, 0.96659, -0.18853, -0.17365
-1.20000, 9.61882, 2.43250, 80.000, 0.000, -101.124, 0.96630, -0.19000, -0.17365
-1.20000, 9.55941, 2.56383, 80.000, 0.000, -101.202, 0.96605, -0.19131, -0.17365
-1.20003, 9.50040, 2.56569, 80.000, 0.000, -101.269, 0.96582, -0.19245, -0.17365
-1.20122, 9.44193, 2.50413, 80.000, 0.000, -101.326, 0.96563, -0.19341, -0.17365
-1.20285, 9.38385, 2.52993, 80.000, 0.000, -101.373, 0.96547, -0.19421, -0.17365
-1.20355, 9.32580, 2.53827, 80.000, 0.000, -101.410, 0.96534, -0.19483, -0.17365
-1.20061, 9.26777, 2.38408, 80.000, 0.000, -101.437, 0.96525, -0.19528, -0.17365
-1.20554, 9.20980, 2.50666, 80.000, 0.000, -101.453, 0.96520, -0.19555, -0.17365
-1.20460, 9.15156, 2.54615, 80.000, 0.000, -101.459, 0.96518, -0.19565, -0.17365
-1.19454, 9.09304, 2.50410, 80.000, 0.000, -101.455, 0.96519, -0.19558, -0.17365
-1.20267, 9.03425, 2.46399, 80.000, 0.000, -101.440, 0.96524, -0.19533, -0.17365
-1.20367, 8.97534, 2.45486, 80.000, 0.000, -101.415, 0.96533, -0.19491, -0.17365
-1.19977, 8.91617, 2.58658, 80.000, 0.000, -101.380, 0.96545, -0.19432, -0.17365
-1.19322, 8.85684, 2.50351, 80.000, 0.000, -101.335, 0.96560, -0.19355, -0.17365
-1.19281, 8.79804, 2.49278, 80.000, 0.000, -101.279, 0.96579, -0.19261, -0.17365
-1.20812, 8.74006, 2.55711, 80.000, 0.000, -101.213, 0.96601, -0.19150, -0.17365
-1.19987, 8.68263, 2.59380, 80.000, 0.000, -101.137, 0.96626, -0.19022, -0.17365
-1.19632, 8.62470, 2.50715, 80.000, 0.000, -101.051, 0.96655, -0.18878, -0.17365
-1.19651, 8.56603, 2.49852, 80.000, 0.000, -100.955, 0.96686, -0.18716, -0.17365
-1.19016, 8.50689, 2.49427, 80.000, 0.000, -100.850, 0.96720, -0.18537, -0.17365
-1.20598, 8.44776, 2.52824, 80.000, 0.000, -100.734, 0.96758, -0.18342, -0.17365
-1.19954, 8.38863, 2.54232, 80.000, 0.000, -100.609, 0.96797, -0.18131, -0.17365
-1.20454, 8.32949, 2.50563, 80.000, 0.000, -100.474, 0.96840, -0.17903, -0.17365
-1.20455, 8.27082, 2.39767, 80.000, 0.000, -100.330, 0.96884, -0.17660, -0.17365
-1.19142, 8.21291, 2.53469, 80.000, 0.000, -100.177, 0.96931, -0.17400, -0.17365
-1.19728, 8.15550, 2.51164, 80.000, 0.000, -100.014, 0.96980, -0.17125, -0.17365
-1.20501, 8.09748, 2.39434, 80.000, 0.000, -99.843, 0.97031, -0.16835, -0.17365
-1.20363, 8.03964, 2.45806, 80.000, 0.000, -99.662, 0.97084, -0.16529, -0.17365
-1.20661, 7.98133, 2.58050, 80.000, 0.000, -99.473, 0.97138, -0.16208, -0.17365
-1.21008, 7.91964, 2.52404, 80.000, 0.000, -99.275, 0.97193, -0.15873, -0.17365
-1.19309, 7.85169, 2.55804, 80.000, 0.000, -99.069, 0.97250, -0.15524, -0.17365
-1.19303, 7.78003, 2.54957, 80.000, 0.000, -98.855, 0.97307, -0.15160, -0.17365
-1.19922, 7.71606, 2.48735, 80.000, 0.006, -98.633, 0.97365, -0.14781, -0.17365
-1.18922, 7.66353, 2.43865, 80.000, 0.154, -98.403, 0.97430, -0.14345, -0.17365
-1.19283, 7.61872, 2.49161, 80.000, 0.154, -98.166, 0.97489, -0.13942, -0.17365
-1.19021, 7.56954, 2.51643, 80.000, 0.281, -97.921, 0.97553, -0.13487, -0.17365
-1.20258, 7.51298, 2.57409, 80.000, -0.093, -97.669, 0.97596, -0.13170, -0.17365
-1.20083, 7.45233, 2.52488, 80.000, -0.036, -97.410, 0.97657, -0.12712, -0.17365
-1.20389, 7.39224, 2.59256, 80.000, -0.195, -97.145, 0.97709, -0.12307, -0.17365
-1.19917, 7.33513, 2.55473, 80.000, 0.048, -96.873, 0.97775, -0.11770, -0.17365
-1.19031, 7.27858, 2.57875, 80.000, 0.625, -96.594, 0.97851, -0.11122, -0.17364
-1.19710, 7.21800, 2.42469, 80.000, 0.208, -96.310, 0.97891, -0.10762, -0.17365
-1.20674, 7.15132, 2.59922, 80.000, -0.483, -96.021, 0.97922, -0.10475, -0.17364
-1.19385, 7.08049, 2.47967, 80.000, 0.441, -95.725, 0.98003, -0.09692, -0.17364
-1.20266, 7.01352, 2.58468, 80.000, -0.191, -95.425, 0.98034, -0.09368, -0.17365
-1.20851, 6.95102, 2.46145, 80.000, -0.610, -95.120, 0.98071, -0.08973, -0.17364
-1.20318, 6.89206, 2.54491, 80.000, -0.228, -94.810, 0.98128, -0.08327, -0.17365
-1.19410, 6.83694, 2.48942, 80.000, 0.423, -94.496, 0.98188, -0.07592, -0.17364
-1.20196, 6.78676, 2.48223, 80.000, -0.140, -94.178, 0.98216, -0.07217, -0.17365
-1.20189, 6.74072, 2.53852, 80.000, -0.135, -93.856, 0.98255, -0.06663, -0.17365
-1.19752, 6.69042, 2.42527, 80.000, 0.178, -93.530, 0.98297, -0.06011, -0.17365
-1.19224, 6.63492, 2.53455, 80.000, 0.555, -93.202, 0.98336, -0.05332, -0.17364
-1.20729, 6.57544, 2.47222, 80.000, -0.522, -92.870, 0.98349, -0.05090, -0.17364
-1.20701, 6.51294, 2.41060, 80.000, -0.502, -92.536, 0.98378, -0.04510, -0.17364
-1.20950, 6.44690, 2.44975, 80.000, -0.680, -92.200, 0.98400, -0.03986, -0.17364
-1.19401, 6.37756, 2.54866, 80.000, 0.429, -91.862, 0.98433, -0.03069, -0.17364
-1.19145, 6.31152, 2.45033, 80.000, 0.613, -91.522, 0.98451, -0.02430, -0.17364
-1.20276, 6.25015, 2.52148, 80.000, -0.198, -91.180, 0.98459, -0.02088, -0.17365
-1.19208, 6.19194, 2.45845, 80.000, 0.567, -90.838, 0.98473, -0.01268, -0.17364
-1.19473, 6.13404, 2.43523, 80.000, 0.377, -90.495, 0.98478, -0.00736, -0.17364
-1.20199, 6.07580, 2.60127, 80.000, -0.143, -90.151, 0.98480, -0.00303, -0.17365
-1.19340, 6.01801, 2.43302, 80.000, 0.473, -89.807, 0.98480, 0.00475, -0.17364
-1.20923, 5.95980, 2.52200, 80.000, -0.661, -89.464, 0.98478, 0.00721, -0.17364
-1.20196, 5.90086, 2.53567, 80.000, -0.140, -89.121, 0.98470, 0.01469, -0.17365
-1.19547, 5.84151, 2.53216, 80.000, 0.324, -88.778, 0.98456, 0.02198, -0.17365
-1.19223, 5.78250, 2.53743, 80.000, 0.556, -88.437, 0.98440, 0.02855, -0.17364
-1.19628, 5.72409, 2.43321, 80.000, 0.266, -88.097, 0.98424, 0.03350, -0.17365
-1.19529, 5.66603, 2.49950, 80.000, 0.338, -87.759, 0.98401, 0.03953, -0.17365
-1.19010, 5.60772, 2.48531, 80.000, 0.709, -87.423, 0.98372, 0.04642, -0.17364
-1.20540, 5.54891, 2.44030, 80.000, -0.387, -87.089, 0.98360, 0.04884, -0.17364
-1.19760, 5.48984, 2.42755, 80.000, 0.172, -86.758, 0.98320, 0.05621, -0.17365
-1.19706, 5.43114, 2.44476, 80.000, 0.211, -86.430, 0.98286, 0.06196, -0.17365
-1.20444, 5.37307, 2.51059, 80.000, -0.318, -86.105, 0.98260, 0.06593, -0.17365
-1.20814, 5.31538, 2.48474, 80.000, -0.583, -85.783, 0.98227, 0.07065, -0.17364
-1.19428, 5.25726, 2.50153, 80.000, 0.410, -85.466, 0.98163, 0.07909, -0.17364
-1.20928, 5.19846, 2.47590, 80.000, -0.665, -85.152, 0.98146, 0.08122, -0.17364
-1.19931, 5.13925, 2.47207, 80.000, 0.050, -84.843, 0.98081, 0.08867, -0.17365
-1.20737, 5.08032, 2.47432, 80.000, -0.528, -84.538, 0.98049, 0.09214, -0.17364
-1.18996, 5.02193, 2.58817, 80.000, 0.719, -84.239, 0.97961, 0.10103, -0.17363
-1.20424, 4.96382, 2.56235, 80.000, -0.304, -83.944, 0.97941, 0.10298, -0.17365
-1.19991, 4.90536, 2.41368, 80.000, 0.006, -83.655, 0.97877, 0.10886, -0.17365
-1.19706, 4.84628, 2.51588, 80.000, 0.210, -83.372, 0.97815, 0.11431, -0.17365
-1.20365, 4.78685, 2.55600, 80.000, -0.261, -83.094, 0.97776, 0.11763, -0.17365
-1.19723, 4.72788, 2.45493, 80.000, 0.199, -82.823, 0.97702, 0.12363, -0.17365
-1.20712, 4.66968, 2.42140, 80.000, -0.510, -82.558, 0.97671, 0.12602, -0.17364
-1.19985, 4.61195, 2.49867, 80.000, 0.011, -82.300, 0.97592, 0.13198, -0.17365
-1.19793, 4.55382, 2.57867, 80.000, 0.148, -82.049, 0.97528, 0.13667, -0.17365
-1.19072, 4.49508, 2.43852, 80.000, 0.665, -81.805, 0.97446, 0.14237, -0.17364
-1.20169, 4.43596, 2.40211, 80.000, -0.121, -81.569, 0.97422, 0.14403, -0.17365
-1.19911, 4.37688, 2.57865, 80.000, 0.064, -81.340, 0.97355, 0.14848, -0.17365
-1.20380, 4.31786, 2.44719, 80.000, -0.272, -81.118, 0.97313, 0.15123, -0.17365
-1.19787, 4.25885, 2.47609, 80.000, 0.153, -80.905, 0.97235, 0.15612, -0.17365
-1.20134, 4.20012, 2.49019, 80.000, -0.106, -80.700, 0.97192, 0.15883, -0.17365
-1.20170, 4.14170, 2.48313, 80.000, -0.152, -80.504, 0.97139, 0.16202, -0.17365
-1.20166, 4.08355, 2.55022, 80.000, -0.170, -80.315, 0.97086, 0.16516, -0.17365
-1.20264, 4.02552, 2.55580, 80.000, -0.315, -80.136, 0.97041, 0.16777, -0.17365
-1.20524, 3.96768, 2.42784, 80.000, -0.751, -79.966, 0.97014, 0.16935, -0.17363
-1.19660, 3.90998, 2.45264, 80.000, 0.608, -79.804, 0.96893, 0.17614, -0.17364
-1.20245, 3.85182, 2.56820, 80.000, -0.585, -79.652, 0.96911, 0.17516, -0.17364
-1.19861, 3.79297, 2.61750, 80.000, 0.496, -79.509, 0.96807, 0.18080, -0.17364
-1.19962, 3.73366, 2.50194, 80.000, 0.270, -79.375, 0.96777, 0.18238, -0.17365
-1.20000, 3.67470, 2.43905, 80.000, -0.190, -79.251, 0.96764, 0.18310, -0.17365
-1.20000, 3.61638, 2.51001, 80.000, 0.469, -79.137, 0.96689, 0.18699, -0.17364
-1.20000, 3.55840, 2.45330, 80.000, 0.120, -79.032, 0.96675, 0.18772, -0.17365
-1.20000, 3.50010, 2.51178, 80.000, -0.176, -78.938, 0.96661, 0.18844, -0.17365
-1.20000, 3.44121, 2.61169, 80.000, 0.488, -78.853, 0.96594, 0.19184, -0.17364
-1.20000, 3.38200, 2.44234, 80.000, -0.036, -78.778, 0.96600, 0.19154, -0.17365
-1.20000, 3.32316, 2.39953, 80.000, -0.066, -78.714, 0.96580, 0.19254, -0.17365
-1.20000, 3.26496, 2.55647, 80.000, 0.008, -78.659, 0.96558, 0.19368, -0.17365
-1.20000, 3.20712, 2.44277, 80.000, -0.439, -78.615, 0.96569, 0.19309, -0.17364
-1.20000, 3.14892, 2.55863, 80.000, -0.619, -78.581, 0.96569, 0.19313, -0.17364
-1.20000, 3.09018, 2.53168, 80.000, -0.280, -78.558, 0.96540, 0.19454, -0.17365
-1.20000, 3.03109, 2.55087, 80.000, 0.776, -78.544, 0.96472, 0.19790, -0.17363
-1.20000, 2.97198, 2.48721, 80.000, -0.515, -78.541, 0.96549, 0.19412, -0.17364
-1.20000, 2.91285, 2.51031, 80.000, 0.227, -78.548, 0.96507, 0.19620, -0.17365
-1.20000, 2.85367, 2.53491, 80.000, -0.052, -78.566, 0.96529, 0.19508, -0.17365
-1.20000, 2.79486, 2.54965, 80.000, -0.397, -78.594, 0.96560, 0.19358, -0.17364
-1.20000, 2.73658, 2.49920, 80.000, 0.037, -78.632, 0.96546, 0.19423, -0.17365
-1.20000, 2.67867, 2.47914, 80.000, -0.520, -78.680, 0.96596, 0.19176, -0.17364
-1.20000, 2.62044, 2.59817, 80.000, -0.403, -78.739, 0.96609, 0.19112, -0.17364
-1.20000, 2.56164, 2.45619, 80.000, -0.120, -78.807, 0.96615, 0.19081, -0.17365
-1.20000, 2.50252, 2.47769, 80.000, -0.067, -78.886, 0.96638, 0.18963, -0.17365
-1.20000, 2.44368, 2.41821, 80.000, 0.227, -78.975, 0.96650, 0.18902, -0.17365
-1.20000, 2.38525, 2.51955, 80.000, 0.305, -79.073, 0.96678, 0.18758, -0.17365
-1.20000, 2.32708, 2.55200, 80.000, 0.009, -79.182, 0.96730, 0.18487, -0.17365
-1.20000, 2.26890, 2.54056, 80.000, -0.180, -79.300, 0.96779, 0.18231, -0.17365
-1.20000, 2.21074, 2.43970, 80.000, 0.274, -79.428, 0.96794, 0.18151, -0.17365
-1.20000, 2.15260, 2.57395, 80.000, 0.116, -79.565, 0.96846, 0.17871, -0.17365
-1.20000, 2.09412, 2.51148, 80.000, 0.150, -79.712, 0.96889, 0.17633, -0.17365
-1.20000, 2.03511, 2.53505, 80.000, -0.001, -79.868, 0.96945, 0.17324, -0.17365
-1.20000, 1.97576, 2.42260, 80.000, 0.013, -80.033, 0.96994, 0.17049, -0.17365
-1.20000, 1.91682, 2.37099, 80.000, 0.000, -80.207, 0.97046, 0.16750, -0.17365
-1.20000, 1.85857, 2.58338, 80.000, 0.000, -80.390, 0.97099, 0.16441, -0.17365
-1.20000, 1.80074, 2.52625, 80.000, 0.000, -80.581, 0.97153, 0.16116, -0.17365
-1.20000, 1.74258, 2.52283, 80.000, 0.000, -80.781, 0.97209, 0.15777, -0.17365
-1.20000, 1.68383, 2.52674, 80.000, 0.000, -80.990, 0.97266, 0.15423, -0.17365
-1.20000, 1.62475, 2.43474, 80.000, 0.000, -81.206, 0.97323, 0.15056, -0.17365
-1.20000, 1.56600, 2.50711, 80.000, 0.000, -81.431, 0.97381, 0.14674, -0.17365
-1.20000, 1.50788, 2.49126, 80.000, 0.000, -81.663, 0.97440, 0.14280, -0.17365
-1.20000, 1.45009, 2.47356, 80.000, 0.000, -81.902, 0.97499, 0.13872, -0.17365
-1.20000, 1.39176, 2.55242, 80.000, 0.000, -82.149, 0.97558, 0.13452, -0.17365
-1.20000, 1.33250, 2.49853, 80.000, 0.000, -82.403, 0.97616, 0.13020, -0.17365
-1.20000, 1.27268, 2.54799, 80.000, 0.000, -83.397, 0.97828, 0.11324, -0.17365
-1.20000, 1.21356, 2.48397, 80.000, 0.000, -84.345, 0.98001, 0.09704, -0.17365
-1.20000, 1.15557, 2.48905, 80.000, 0.000, -85.243, 0.98142, 0.08166, -0.17365
-1.20000, 1.09827, 2.51041, 80.000, 0.000, -86.091, 0.98252, 0.06714, -0.17365
-1.20000, 1.04040, 2.48358, 80.000, 0.000, -86.885, 0.98335, 0.05351, -0.17365
-1.20000, 0.98164, 2.50915, 80.000, 0.000, -87.625, 0.98396, 0.04082, -0.17365
-1.20000, 0.92234, 2.50573, 80.000, 0.000, -88.307, 0.98438, 0.02909, -0.17365
-1.20000, 0.86310, 2.50362, 80.000, 0.000, -88.932, 0.98464, 0.01836, -0.17365
-1.20000, 0.80398, 2.49513, 80.000, 0.000, -89.497, 0.98477, 0.00865, -0.17365
-1.20000, 0.74489, 2.50000, 80.000, 0.000, -90.000, 0.98481, -0.00000, -0.17365
