-1.40000, -0.40000, 1.50000, 90.000, 0.000, 0.000, 0.00000, 1.00000, 0.00000
-1.39956, -0.40036, 1.50048, 89.987, 0.000, 0.002, -0.00003, 1.00000, -0.00023
-1.39816, -0.40145, 1.50195, 89.949, 0.001, 0.009, -0.00016, 1.00000, -0.00089
-1.39587, -0.40315, 1.50422, 89.894, 0.005, 0.022, -0.00039, 1.00000, -0.00184
-1.39302, -0.40512, 1.50682, 89.840, 0.012, 0.042, -0.00073, 1.00000, -0.00280
-1.39012, -0.40694, 1.50918, 89.802, 0.023, 0.066, -0.00116, 0.99999, -0.00346
-1.38751, -0.40834, 1.51095, 89.789, 0.037, 0.093, -0.00163, 0.99999, -0.00369
-1.38506, -0.40946, 1.51229, 89.790, 0.056, 0.124, -0.00217, 0.99999, -0.00367
-1.38253, -0.41048, 1.51343, 89.792, 0.083, 0.162, -0.00284, 0.99999, -0.00363
-1.37986, -0.41140, 1.51440, 89.796, 0.116, 0.206, -0.00360, 0.99999, -0.00356
-1.37705, -0.41225, 1.51527, 89.800, 0.150, 0.251, -0.00439, 0.99998, -0.00350
-1.37413, -0.41309, 1.51616, 89.802, 0.183, 0.294, -0.00514, 0.99998, -0.00345
-1.37114, -0.41394, 1.51713, 89.803, 0.211, 0.333, -0.00582, 0.99998, -0.00344
-1.36812, -0.41482, 1.51818, 89.795, 0.239, 0.368, -0.00643, 0.99997, -0.00357
-1.36506, -0.41568, 1.51927, 89.772, 0.269, 0.401, -0.00701, 0.99997, -0.00398
-1.36190, -0.41653, 1.52036, 89.735, 0.299, 0.432, -0.00756, 0.99996, -0.00463
-1.35856, -0.41734, 1.52141, 89.692, 0.322, 0.463, -0.00811, 0.99995, -0.00538
-1.35505, -0.41811, 1.52238, 89.652, 0.337, 0.494, -0.00866, 0.99994, -0.00607
-1.35137, -0.41886, 1.52326, 89.621, 0.342, 0.527, -0.00923, 0.99994, -0.00661
-1.34752, -0.41960, 1.52406, 89.596, 0.342, 0.562, -0.00984, 0.99993, -0.00705
-1.34344, -0.42031, 1.52478, 89.573, 0.343, 0.599, -0.01051, 0.99992, -0.00746
-1.33917, -0.42100, 1.52543, 89.551, 0.343, 0.638, -0.01118, 0.99991, -0.00784
-1.33480, -0.42164, 1.52602, 89.531, 0.343, 0.674, -0.01182, 0.99990, -0.00819
-1.33048, -0.42224, 1.52661, 89.512, 0.343, 0.706, -0.01238, 0.99989, -0.00852
-1.32627, -0.42280, 1.52722, 89.494, 0.343, 0.732, -0.01284, 0.99988, -0.00884
-1.32220, -0.42334, 1.52783, 89.477, 0.342, 0.753, -0.01320, 0.99987, -0.00914
-1.31821, -0.42384, 1.52841, 89.461, 0.339, 0.768, -0.01346, 0.99987, -0.00940
-1.31425, -0.42430, 1.52897, 89.448, 0.332, 0.778, -0.01363, 0.99986, -0.00964
-1.31024, -0.42472, 1.52954, 89.434, 0.323, 0.786, -0.01377, 0.99986, -0.00988
-1.30610, -0.42511, 1.53012, 89.419, 0.312, 0.796, -0.01394, 0.99985, -0.01014
-1.30181, -0.42550, 1.53073, 89.401, 0.300, 0.809, -0.01418, 0.99984, -0.01045
-1.29735, -0.42589, 1.53139, 89.379, 0.288, 0.826, -0.01446, 0.99984, -0.01084
-1.29269, -0.42626, 1.53209, 89.350, 0.275, 0.843, -0.01477, 0.99983, -0.01134
-1.28790, -0.42661, 1.53282, 89.319, 0.261, 0.862, -0.01509, 0.99982, -0.01189
-1.28310, -0.42693, 1.53353, 89.292, 0.243, 0.881, -0.01543, 0.99980, -0.01235
-1.27840, -0.42721, 1.53417, 89.275, 0.220, 0.901, -0.01577, 0.99980, -0.01265
-1.27386, -0.42745, 1.53474, 89.269, 0.192, 0.920, -0.01610, 0.99979, -0.01275
-1.26947, -0.42766, 1.53521, 89.276, 0.159, 0.938, -0.01640, 0.99979, -0.01263
-1.26520, -0.42781, 1.53555, 89.297, 0.121, 0.955, -0.01669, 0.99979, -0.01226
-1.26101, -0.42793, 1.53583, 89.330, 0.077, 0.972, -0.01697, 0.99979, -0.01169
-1.25687, -0.42803, 1.53613, 89.366, -0.409, 0.990, -0.01720, 0.99979, -0.01106
-1.25270, -0.42815, 1.53654, 89.399, 0.497, 1.011, -0.01774, 0.99979, -0.01049
-1.24846, -0.42831, 1.53711, 89.422, -0.124, 1.036, -0.01805, 0.99979, -0.01009
-1.24431, -0.42853, 1.53779, 89.438, -0.288, 1.063, -0.01850, 0.99978, -0.00980
-1.24038, -0.42881, 1.53857, 89.451, -0.518, 1.093, -0.01899, 0.99977, -0.00959
-1.23647, -0.42913, 1.53945, 89.460, 0.257, 1.126, -0.01969, 0.99976, -0.00943
-1.23230, -0.42940, 1.54041, 89.467, -0.152, 1.161, -0.02024, 0.99975, -0.00930
-1.22764, -0.42957, 1.54144, 89.475, 0.292, 1.196, -0.02093, 0.99974, -0.00915
-1.22246, -0.42963, 1.54247, 89.486, 0.219, 1.231, -0.02152, 0.99973, -0.00897
-1.21681, -0.42962, 1.54352, 89.500, -0.276, 1.271, -0.02214, 0.99972, -0.00873
-1.21071, -0.42962, 1.54459, 89.517, -0.234, 1.319, -0.02299, 0.99970, -0.00843
-1.20414, -0.42960, 1.54572, 89.535, -0.819, 1.370, -0.02379, 0.99968, -0.00811
-1.19723, -0.42957, 1.54693, 89.551, -0.081, 1.412, -0.02464, 0.99967, -0.00784
-1.19018, -0.42953, 1.54822, 89.561, -0.778, 1.439, -0.02501, 0.99966, -0.00766
-1.18317, -0.42946, 1.54958, 89.564, -0.737, 1.448, -0.02517, 0.99965, -0.00761
-1.17631, -0.42934, 1.55098, 89.514, -0.305, 1.433, -0.02496, 0.99965, -0.00847
-1.16952, -0.42913, 1.55243, 89.370, -0.599, 1.389, -0.02412, 0.99965, -0.01100
-1.16261, -0.42884, 1.55396, 89.162, -0.056, 1.325, -0.02311, 0.99963, -0.01462
-1.15531, -0.42853, 1.55559, 88.954, -0.329, 1.261, -0.02191, 0.99959, -0.01825
-1.14746, -0.42827, 1.55730, 88.810, -0.059, 1.217, -0.02122, 0.99956, -0.02077
-1.13907, -0.42808, 1.55909, 88.760, -0.413, 1.202, -0.02082, 0.99955, -0.02164
-1.13018, -0.42796, 1.56100, 88.761, 0.010, 1.234, -0.02153, 0.99953, -0.02162
-1.12074, -0.42791, 1.56308, 88.766, -0.303, 1.331, -0.02311, 0.99950, -0.02153
-1.11076, -0.42790, 1.56527, 88.775, -0.711, 1.488, -0.02570, 0.99944, -0.02137
-1.10039, -0.42788, 1.56745, 88.789, -0.056, 1.678, -0.02926, 0.99935, -0.02114
-1.08990, -0.42782, 1.56948, 88.805, -0.402, 1.865, -0.03238, 0.99926, -0.02085
-1.07949, -0.42768, 1.57132, 88.824, -0.602, 2.024, -0.03510, 0.99917, -0.02052
-1.06915, -0.42748, 1.57301, 88.849, -0.407, 2.170, -0.03771, 0.99909, -0.02009
-1.05875, -0.42720, 1.57457, 88.884, -0.333, 2.323, -0.04040, 0.99899, -0.01948
-1.04820, -0.42685, 1.57601, 88.924, -0.763, 2.478, -0.04298, 0.99890, -0.01878
-1.03742, -0.42645, 1.57735, 88.959, -0.704, 2.630, -0.04566, 0.99879, -0.01817
-1.02639, -0.42604, 1.57865, 88.982, -0.910, 2.773, -0.04809, 0.99869, -0.01777
-1.01513, -0.42564, 1.57996, 88.990, -0.221, 2.905, -0.05060, 0.99856, -0.01763
-1.00383, -0.42526, 1.58127, 88.985, -0.347, 3.021, -0.05258, 0.99846, -0.01772
-0.99253, -0.42487, 1.58252, 88.971, -0.145, 3.117, -0.05432, 0.99836, -0.01795
-0.98102, -0.42447, 1.58373, 88.952, -0.578, 3.202, -0.05567, 0.99828, -0.01830
-0.96904, -0.42404, 1.58491, 88.932, -0.258, 3.293, -0.05735, 0.99818, -0.01864
-0.95647, -0.42356, 1.58607, 88.918, -0.008, 3.404, -0.05937, 0.99806, -0.01888
-0.94335, -0.42306, 1.58723, 88.914, -0.340, 3.541, -0.06164, 0.99792, -0.01896
-0.92959, -0.42252, 1.58841, 88.928, 0.177, 3.717, -0.06488, 0.99772, -0.01871
-0.91507, -0.42195, 1.58958, 88.970, -0.576, 3.940, -0.06852, 0.99749, -0.01798
-0.89992, -0.42134, 1.59074, 89.029, -0.267, 4.186, -0.07291, 0.99719, -0.01694
-0.88453, -0.42070, 1.59187, 89.089, -0.116, 4.416, -0.07695, 0.99691, -0.01590
-0.86937, -0.42005, 1.59295, 89.131, -0.867, 4.593, -0.07985, 0.99669, -0.01517
-0.85470, -0.41938, 1.59400, 89.145, -0.129, 4.704, -0.08197, 0.99652, -0.01492
-0.84056, -0.41871, 1.59505, 89.118, -0.644, 4.764, -0.08287, 0.99644, -0.01540
-0.82685, -0.41799, 1.59611, 89.038, -0.207, 4.791, -0.08345, 0.99637, -0.01679
-0.81334, -0.41726, 1.59713, 88.923, -0.277, 4.795, -0.08349, 0.99633, -0.01879
-0.79968, -0.41653, 1.59808, 88.809, -0.457, 4.799, -0.08348, 0.99629, -0.02079
-0.78551, -0.41582, 1.59891, 88.729, -0.097, 4.826, -0.08407, 0.99621, -0.02218
-0.77070, -0.41515, 1.59964, 88.702, -0.094, 4.886, -0.08512, 0.99611, -0.02266
-0.75520, -0.41451, 1.60031, 88.714, -0.318, 4.976, -0.08659, 0.99599, -0.02244
-0.73897, -0.41389, 1.60093, 88.753, -0.238, 5.091, -0.08862, 0.99583, -0.02176
-0.72222, -0.41329, 1.60145, 88.814, -0.392, 5.229, -0.09098, 0.99564, -0.02069
-0.70540, -0.41271, 1.60183, 88.884, 0.053, 5.381, -0.09379, 0.99540, -0.01947
-0.68900, -0.41215, 1.60205, 88.949, -0.118, 5.534, -0.09638, 0.99518, -0.01834
-0.67325, -0.41160, 1.60214, 88.998, -0.048, 5.678, -0.09890, 0.99494, -0.01748
-0.65817, -0.41107, 1.60219, 89.036, -0.226, 5.823, -0.10137, 0.99471, -0.01683
-0.64370, -0.41055, 1.60222, 89.067, -0.439, 5.980, -0.10405, 0.99444, -0.01629
-0.62963, -0.41006, 1.60224, 89.094, -0.408, 6.142, -0.10686, 0.99415, -0.01582
-0.61555, -0.40958, 1.60225, 89.121, -0.193, 6.294, -0.10957, 0.99386, -0.01535
-0.60105, -0.40909, 1.60225, 89.152, -0.201, 6.427, -0.11187, 0.99361, -0.01480
-0.58595, -0.40860, 1.60225, 89.191, -0.212, 6.536, -0.11377, 0.99341, -0.01413
-0.57019, -0.40809, 1.60208, 89.242, -0.595, 6.623, -0.11519, 0.99326, -0.01323
-0.55381, -0.40756, 1.60155, 89.309, -0.533, 6.687, -0.11633, 0.99314, -0.01206
-0.53700, -0.40703, 1.60065, 89.382, -0.425, 6.731, -0.11713, 0.99306, -0.01079
-0.52021, -0.40652, 1.59950, 89.446, -0.246, 6.766, -0.11777, 0.99299, -0.00967
-0.50386, -0.40604, 1.59828, 89.487, -0.158, 6.804, -0.11844, 0.99292, -0.00896
-0.48815, -0.40560, 1.59713, 89.500, 0.035, 6.854, -0.11934, 0.99282, -0.00872
-0.47291, -0.40520, 1.59602, 89.485, 0.158, 6.919, -0.12048, 0.99267, -0.00899
-0.45800, -0.40486, 1.59484, 89.440, -0.058, 6.998, -0.12182, 0.99250, -0.00977
-0.44346, -0.40456, 1.59358, 89.373, 0.071, 7.081, -0.12327, 0.99231, -0.01095
-0.42928, -0.40425, 1.59220, 89.300, -0.005, 7.152, -0.12449, 0.99215, -0.01223
-0.41534, -0.40392, 1.59073, 89.239, -0.101, 7.198, -0.12527, 0.99203, -0.01328
-0.40150, -0.40354, 1.58918, 89.202, -0.048, 7.217, -0.12560, 0.99198, -0.01393
-0.38786, -0.40310, 1.58754, 89.179, -0.283, 7.221, -0.12561, 0.99198, -0.01433
-0.37460, -0.40261, 1.58573, 89.162, 0.216, 7.223, -0.12577, 0.99195, -0.01463
-0.36161, -0.40210, 1.58381, 89.151, 0.180, 7.223, -0.12576, 0.99195, -0.01482
-0.34870, -0.40158, 1.58188, 89.146, 0.018, 7.223, -0.12573, 0.99195, -0.01491
-0.33564, -0.40112, 1.58005, 89.144, -0.109, 7.225, -0.12572, 0.99195, -0.01494
-0.32230, -0.40071, 1.57836, 89.144, -0.258, 7.229, -0.12575, 0.99195, -0.01494
-0.30854, -0.40036, 1.57661, 89.212, -0.027, 7.272, -0.12656, 0.99186, -0.01376
-0.29433, -0.40005, 1.57465, 89.409, -0.189, 7.389, -0.12856, 0.99165, -0.01031
-0.27993, -0.39979, 1.57272, 89.693, -0.524, 7.558, -0.13147, 0.99131, -0.00536
-0.26580, -0.39955, 1.57116, 89.977, -0.739, 7.732, -0.13454, 0.99091, -0.00041
-0.25231, -0.39931, 1.57021, 90.174, -1.022, 7.866, -0.13690, 0.99058, 0.00304
-0.23960, -0.39906, 1.56991, 90.242, -0.949, 7.933, -0.13808, 0.99041, 0.00422
-0.22765, -0.39878, 1.56991, 90.228, -1.153, 7.957, -0.13851, 0.99035, 0.00397
-0.21648, -0.39849, 1.56993, 90.185, -0.837, 7.968, -0.13866, 0.99033, 0.00322
-0.20595, -0.39819, 1.56999, 90.120, -1.113, 7.970, -0.13869, 0.99033, 0.00209
-0.19569, -0.39793, 1.57012, 90.049, -1.161, 7.971, -0.13869, 0.99033, 0.00085
-0.18525, -0.39771, 1.57032, 89.989, -0.966, 7.982, -0.13886, 0.99031, -0.00019
-0.17435, -0.39755, 1.57058, 89.951, -1.137, 8.007, -0.13927, 0.99025, -0.00086
-0.16295, -0.39744, 1.57104, 89.927, -0.953, 8.078, -0.14049, 0.99008, -0.00127
-0.15114, -0.39737, 1.57187, 89.910, -0.796, 8.229, -0.14311, 0.98970, -0.00157
-0.13916, -0.39735, 1.57301, 89.900, -1.116, 8.447, -0.14687, 0.98915, -0.00175
-0.12740, -0.39733, 1.57432, 89.894, -1.027, 8.692, -0.15108, 0.98852, -0.00184
-0.11619, -0.39730, 1.57559, 89.892, -1.083, 8.916, -0.15495, 0.98792, -0.00189
-0.10565, -0.39722, 1.57670, 89.889, -1.046, 9.091, -0.15797, 0.98744, -0.00194
-0.09566, -0.39711, 1.57769, 89.886, -1.143, 9.230, -0.16035, 0.98706, -0.00199
-0.08616, -0.39694, 1.57864, 89.885, -0.917, 9.351, -0.16245, 0.98672, -0.00201
-0.07718, -0.39676, 1.57958, 89.884, -0.928, 9.457, -0.16427, 0.98641, -0.00202
-0.06860, -0.39659, 1.58055, 89.884, -1.015, 9.556, -0.16598, 0.98613, -0.00202
-0.06023, -0.39648, 1.58158, 89.883, -0.959, 9.659, -0.16775, 0.98583, -0.00204
-0.05185, -0.39645, 1.58268, 89.880, -0.903, 9.771, -0.16968, 0.98550, -0.00209
-0.04353, -0.39645, 1.58384, 89.863, -0.985, 9.886, -0.17165, 0.98515, -0.00240
-0.03542, -0.39645, 1.58505, 89.817, -1.033, 9.998, -0.17355, 0.98482, -0.00319
-0.02754, -0.39645, 1.58631, 89.753, -0.994, 10.110, -0.17546, 0.98448, -0.00431
-0.01985, -0.39645, 1.58764, 89.688, -0.846, 10.229, -0.17751, 0.98410, -0.00545
-0.01225, -0.39646, 1.58901, 89.638, -1.037, 10.360, -0.17972, 0.98370, -0.00631
-0.00465, -0.39647, 1.59040, 89.615, -0.931, 10.504, -0.18219, 0.98324, -0.00673
0.00313, -0.39649, 1.59184, 89.607, -0.976, 10.667, -0.18498, 0.98272, -0.00686
0.01115, -0.39655, 1.59334, 89.603, -0.988, 10.854, -0.18818, 0.98211, -0.00692
0.01912, -0.39666, 1.59489, 89.603, -0.955, 11.055, -0.19163, 0.98144, -0.00693
0.02665, -0.39681, 1.59646, 89.602, -0.855, 11.250, -0.19498, 0.98078, -0.00694
0.03346, -0.39699, 1.59802, 89.599, -0.922, 11.422, -0.19793, 0.98019, -0.00701
0.03950, -0.39720, 1.59954, 89.591, -0.889, 11.564, -0.20035, 0.97970, -0.00714
0.04492, -0.39742, 1.60105, 89.573, -0.767, 11.675, -0.20225, 0.97931, -0.00745
0.04971, -0.39768, 1.60257, 89.540, -0.858, 11.755, -0.20360, 0.97902, -0.00802
0.05382, -0.39798, 1.60409, 89.497, -0.872, 11.812, -0.20456, 0.97881, -0.00878
0.05732, -0.39830, 1.60558, 89.451, -0.855, 11.864, -0.20543, 0.97862, -0.00958
0.06049, -0.39863, 1.60702, 89.412, -0.827, 11.928, -0.20653, 0.97839, -0.01025
0.06355, -0.39897, 1.60842, 89.386, -0.850, 12.017, -0.20803, 0.97806, -0.01072
0.06670, -0.39931, 1.60980, 89.370, -0.982, 12.135, -0.21003, 0.97763, -0.01099
0.06985, -0.39968, 1.61117, 89.363, -0.964, 12.285, -0.21258, 0.97708, -0.01111
0.07268, -0.40006, 1.61251, 89.362, -0.986, 12.449, -0.21536, 0.97647, -0.01113
0.07480, -0.40044, 1.61377, 89.361, -1.032, 12.599, -0.21792, 0.97590, -0.01115
0.07603, -0.40080, 1.61495, 89.354, -1.044, 12.713, -0.21986, 0.97547, -0.01127
0.07640, -0.40113, 1.61605, 89.338, -1.157, 12.780, -0.22097, 0.97521, -0.01155
0.07640, -0.40142, 1.61713, 89.305, -1.162, 12.815, -0.22154, 0.97508, -0.01213
0.07637, -0.40167, 1.61822, 89.244, -1.212, 12.830, -0.22176, 0.97501, -0.01319
0.07627, -0.40189, 1.61923, 89.164, -1.240, 12.832, -0.22177, 0.97499, -0.01458
0.07607, -0.40212, 1.62008, 89.080, -1.231, 12.835, -0.22177, 0.97497, -0.01606
0.07576, -0.40239, 1.62073, 89.007, -1.279, 12.850, -0.22199, 0.97490, -0.01732
0.07535, -0.40271, 1.62119, 88.956, -1.328, 12.884, -0.22253, 0.97476, -0.01821
0.07466, -0.40304, 1.62151, 88.921, -1.354, 12.975, -0.22405, 0.97439, -0.01883
0.07336, -0.40338, 1.62169, 88.893, -1.384, 13.153, -0.22706, 0.97369, -0.01931
0.07131, -0.40375, 1.62176, 88.876, -1.412, 13.385, -0.23098, 0.97276, -0.01961
0.06856, -0.40417, 1.62181, 88.867, -1.433, 13.607, -0.23473, 0.97186, -0.01976
0.06531, -0.40468, 1.62190, 88.865, -1.475, 13.757, -0.23727, 0.97124, -0.01981
0.06180, -0.40527, 1.62207, 88.864, -1.522, 13.808, -0.23812, 0.97103, -0.01981
0.05796, -0.40594, 1.62231, 88.889, -1.586, 13.775, -0.23754, 0.97118, -0.01938
0.05353, -0.40670, 1.62255, 88.961, -1.673, 13.677, -0.23590, 0.97161, -0.01813
0.04854, -0.40755, 1.62282, 89.064, -1.769, 13.537, -0.23356, 0.97221, -0.01632
0.04319, -0.40844, 1.62314, 89.168, -1.853, 13.397, -0.23122, 0.97279, -0.01452
0.03779, -0.40932, 1.62352, 89.240, -1.908, 13.300, -0.22960, 0.97320, -0.01326
0.03255, -0.41015, 1.62394, 89.264, -1.926, 13.266, -0.22904, 0.97333, -0.01283
0.02754, -0.41096, 1.62441, 89.253, -1.921, 13.295, -0.22951, 0.97322, -0.01302
0.02267, -0.41178, 1.62494, 89.222, -1.906, 13.381, -0.23096, 0.97287, -0.01358
0.01774, -0.41260, 1.62553, 89.176, -1.883, 13.513, -0.23319, 0.97233, -0.01437
0.01248, -0.41340, 1.62615, 89.130, -1.856, 13.663, -0.23570, 0.97171, -0.01517
0.00671, -0.41415, 1.62677, 89.099, -1.832, 13.795, -0.23793, 0.97115, -0.01572
0.00040, -0.41485, 1.62737, 89.088, -1.813, 13.891, -0.23955, 0.97075, -0.01591
-0.00639, -0.41551, 1.62797, 89.091, -1.800, 13.960, -0.24073, 0.97046, -0.01586
-0.01370, -0.41614, 1.62861, 89.099, -1.788, 14.017, -0.24171, 0.97022, -0.01571
-0.02151, -0.41672, 1.62926, 89.111, -1.778, 14.062, -0.24247, 0.97003, -0.01550
-0.02967, -0.41726, 1.62988, 89.124, -1.769, 14.097, -0.24308, 0.96989, -0.01529
-0.03793, -0.41777, 1.63045, 89.132, -1.758, 14.128, -0.24361, 0.96976, -0.01514
-0.04610, -0.41828, 1.63096, 89.135, -1.745, 14.159, -0.24414, 0.96962, -0.01509
-0.05405, -0.41877, 1.63147, 89.135, -1.734, 14.191, -0.24468, 0.96949, -0.01509
-0.06182, -0.41925, 1.63199, 89.133, -1.728, 14.221, -0.24520, 0.96936, -0.01512
-0.06968, -0.41971, 1.63247, 89.128, -1.721, 14.247, -0.24563, 0.96924, -0.01522
-0.07797, -0.42013, 1.63285, 89.116, -1.707, 14.265, -0.24593, 0.96916, -0.01541
-0.08692, -0.42051, 1.63307, 89.099, -1.683, 14.275, -0.24610, 0.96912, -0.01572
-0.09655, -0.42087, 1.63314, 89.076, -1.646, 14.278, -0.24615, 0.96910, -0.01612
-0.10699, -0.42119, 1.63305, 89.011, -1.589, 14.223, -0.24520, 0.96932, -0.01726
-0.11840, -0.42145, 1.63276, 88.870, -1.505, 14.063, -0.24244, 0.96997, -0.01972
-0.13052, -0.42167, 1.63230, 88.681, -1.407, 13.833, -0.23847, 0.97088, -0.02301
-0.14276, -0.42189, 1.63175, 88.499, -1.316, 13.602, -0.23452, 0.97176, -0.02619
-0.15454, -0.42214, 1.63122, 88.374, -1.250, 13.442, -0.23177, 0.97236, -0.02837
-0.16550, -0.42245, 1.63076, 88.331, -1.220, 13.387, -0.23083, 0.97256, -0.02912
-0.17631, -0.42283, 1.63046, 88.359, -1.210, 13.406, -0.23117, 0.97249, -0.02864
-0.18744, -0.42329, 1.63030, 88.432, -1.206, 13.458, -0.23209, 0.97231, -0.02735
-0.19844, -0.42379, 1.63017, 88.538, -1.205, 13.535, -0.23345, 0.97203, -0.02551
-0.20875, -0.42428, 1.62996, 88.659, -1.205, 13.628, -0.23508, 0.97169, -0.02340
-0.21747, -0.42468, 1.62948, 88.771, -1.202, 13.724, -0.23675, 0.97133, -0.02145
-0.22290, -0.42487, 1.62838, 88.830, -1.190, 13.800, -0.23807, 0.97103, -0.02041
-0.22383, -0.42451, 1.62454, 88.833, -1.163, 13.850, -0.23893, 0.97082, -0.02036
-0.22390, -0.42405, 1.62140, 88.894, -1.149, 13.961, -0.24085, 0.97037, -0.01930
-0.22410, -0.42397, 1.61701, 89.061, -1.078, 13.954, -0.24081, 0.97043, -0.01639
-0.22440, -0.42402, 1.61339, 89.240, -0.998, 13.923, -0.24037, 0.97059, -0.01326
-0.22410, -0.42396, 1.60913, 89.291, -1.049, 13.930, -0.24050, 0.97057, -0.01237
-0.22400, -0.42457, 1.60510, 89.350, -1.171, 13.988, -0.24148, 0.97034, -0.01133
-0.22437, -0.42483, 1.60011, 89.413, -1.345, 14.120, -0.24371, 0.96979, -0.01025
-0.22514, -0.42527, 1.59606, 89.486, -1.301, 14.198, -0.24507, 0.96946, -0.00897
-0.22520, -0.42627, 1.59082, 89.544, -1.266, 14.217, -0.24541, 0.96939, -0.00795
-0.22594, -0.42752, 1.58527, 89.522, -1.267, 14.260, -0.24613, 0.96920, -0.00835
-0.22745, -0.42853, 1.57861, 89.535, -1.354, 14.382, -0.24819, 0.96868, -0.00811
-0.22810, -0.42857, 1.57327, 89.669, -1.307, 14.407, -0.24867, 0.96857, -0.00578
-0.22897, -0.42848, 1.56863, 89.797, -1.262, 14.340, -0.24761, 0.96885, -0.00354
-0.22869, -0.42919, 1.56380, 89.817, -1.312, 14.172, -0.24476, 0.96958, -0.00320
-0.22890, -0.43047, 1.56004, 89.774, -1.389, 14.529, -0.25078, 0.96804, -0.00394
-0.23006, -0.43268, 1.55659, 89.683, -1.519, 14.084, -0.24319, 0.96996, -0.00553
-0.23139, -0.43464, 1.55359, 89.571, -1.545, 14.639, -0.25252, 0.96756, -0.00749
-0.23290, -0.43597, 1.55104, 89.598, -1.491, 14.896, -0.25688, 0.96642, -0.00701
-0.23383, -0.43724, 1.54781, 89.802, -1.433, 15.286, -0.26355, 0.96464, -0.00345
-0.23441, -0.43767, 1.54509, 89.904, -1.458, 14.668, -0.25318, 0.96742, -0.00167
-0.23400, -0.43747, 1.54144, 89.974, -1.575, 14.754, -0.25466, 0.96703, -0.00046
-0.23428, -0.43697, 1.53812, 90.046, -1.711, 14.527, -0.25086, 0.96802, 0.00080
-0.23328, -0.43601, 1.53477, 90.124, -1.779, 14.756, -0.25476, 0.96700, 0.00217
-0.23270, -0.43577, 1.53211, 90.030, -1.842, 14.443, -0.24943, 0.96839, 0.00052
-0.23169, -0.43603, 1.52884, 89.894, -1.937, 14.310, -0.24711, 0.96899, -0.00185
-0.23024, -0.43649, 1.52622, 89.796, -1.950, 14.108, -0.24363, 0.96986, -0.00357
-0.22910, -0.43717, 1.52311, 89.521, -1.990, 13.822, -0.23861, 0.97108, -0.00836
-0.22901, -0.43760, 1.52056, 89.417, -2.034, 13.491, -0.23293, 0.97244, -0.01016
-0.23003, -0.43814, 1.51759, 89.321, -1.974, 14.133, -0.24376, 0.96976, -0.01185
-0.23140, -0.43867, 1.51492, 89.441, -1.935, 13.454, -0.23233, 0.97259, -0.00975
-0.23323, -0.43929, 1.51148, 89.398, -1.847, 13.962, -0.24093, 0.97049, -0.01050
-0.23413, -0.43971, 1.50907, 89.223, -2.007, 13.779, -0.23770, 0.97124, -0.01356
-0.23560, -0.44057, 1.50577, 89.118, -2.166, 13.552, -0.23374, 0.97218, -0.01537
-0.23628, -0.44117, 1.50329, 88.926, -2.194, 13.828, -0.23828, 0.97102, -0.01873
-0.23665, -0.44111, 1.50063, 88.866, -2.226, 13.629, -0.23485, 0.97183, -0.01977
-0.23740, -0.44097, 1.49689, 88.878, -2.431, 13.562, -0.23364, 0.97213, -0.01956
-0.23776, -0.44044, 1.49353, 88.892, -2.545, 13.902, -0.23938, 0.97073, -0.01932
-0.23771, -0.43945, 1.48987, 88.763, -2.633, 13.594, -0.23402, 0.97199, -0.02157
-0.23710, -0.43887, 1.48678, 88.691, -2.737, 13.599, -0.23400, 0.97197, -0.02283
-0.23702, -0.43875, 1.48254, 88.535, -2.874, 13.625, -0.23424, 0.97184, -0.02554
-0.23665, -0.43793, 1.47895, 88.571, -2.845, 13.382, -0.23016, 0.97283, -0.02490
-0.23530, -0.43607, 1.47496, 88.465, -2.719, 13.257, -0.22800, 0.97329, -0.02675
-0.23472, -0.43528, 1.47155, 88.455, -2.832, 13.378, -0.22999, 0.97282, -0.02692
-0.23379, -0.43280, 1.46772, 88.527, -2.987, 13.794, -0.23706, 0.97116, -0.02567
-0.23380, -0.43077, 1.46392, 88.652, -3.056, 13.418, -0.23076, 0.97273, -0.02349
-0.23324, -0.42831, 1.46037, 88.738, -2.955, 13.621, -0.23434, 0.97191, -0.02199
-0.23308, -0.42685, 1.45648, 88.845, -2.949, 13.464, -0.23178, 0.97256, -0.02013
-0.23270, -0.42537, 1.45336, 88.738, -3.052, 13.339, -0.22952, 0.97305, -0.02199
-0.23175, -0.42350, 1.44922, 88.686, -3.153, 13.535, -0.23274, 0.97227, -0.02290
-0.23102, -0.42200, 1.44487, 88.752, -3.167, 13.357, -0.22980, 0.97300, -0.02175
-0.22970, -0.42037, 1.44070, 88.936, -3.168, 13.255, -0.22825, 0.97343, -0.01854
-0.22946, -0.41937, 1.43652, 88.916, -3.185, 13.272, -0.22851, 0.97336, -0.01888
-0.22865, -0.41895, 1.43198, 88.968, -3.139, 13.188, -0.22716, 0.97369, -0.01798
-0.22750, -0.41727, 1.42684, 89.092, -3.068, 13.143, -0.22652, 0.97388, -0.01583
-0.22722, -0.41650, 1.42256, 89.244, -2.998, 13.124, -0.22637, 0.97395, -0.01318
-0.22710, -0.41584, 1.41813, 89.445, -2.945, 12.962, -0.22380, 0.97459, -0.00968
-0.22650, -0.41517, 1.41277, 89.736, -2.852, 12.820, -0.22167, 0.97511, -0.00461
-0.22548, -0.41538, 1.40862, 89.887, -2.857, 12.868, -0.22262, 0.97490, -0.00198
-0.22416, -0.41557, 1.40441, 89.810, -2.902, 12.961, -0.22413, 0.97455, -0.00331
-0.22330, -0.41607, 1.40083, 89.796, -3.046, 12.986, -0.22452, 0.97446, -0.00356
-0.22135, -0.41556, 1.39657, 89.782, -3.064, 12.919, -0.22337, 0.97473, -0.00380
-0.21904, -0.41468, 1.39265, 89.886, -2.961, 12.856, -0.22240, 0.97495, -0.00199
-0.21700, -0.41367, 1.38907, 89.888, -2.870, 12.806, -0.22155, 0.97515, -0.00195
-0.21521, -0.41286, 1.38552, 89.911, -2.862, 12.834, -0.22206, 0.97503, -0.00156
-0.21254, -0.41233, 1.38101, 89.935, -2.851, 12.832, -0.22204, 0.97504, -0.00113
-0.21000, -0.41197, 1.37656, 89.901, -2.792, 12.744, -0.22052, 0.97538, -0.00173
-0.20739, -0.41202, 1.37174, 89.899, -2.695, 12.573, -0.21761, 0.97603, -0.00175
-0.20554, -0.41260, 1.36662, 89.783, -2.550, 12.175, -0.21073, 0.97754, -0.00378
-0.20420, -0.41257, 1.36237, 89.814, -2.260, 12.087, -0.20927, 0.97785, -0.00325
-0.20474, -0.41260, 1.35695, 89.839, -2.074, 12.024, -0.20823, 0.97808, -0.00281
-0.20606, -0.41173, 1.35271, 90.054, -2.057, 12.125, -0.21007, 0.97769, 0.00094
-0.20740, -0.41127, 1.34731, 90.201, -2.008, 12.182, -0.21114, 0.97745, 0.00350
-0.20814, -0.41028, 1.34315, 90.237, -2.056, 12.196, -0.21139, 0.97739, 0.00413
-0.20981, -0.40952, 1.33831, 90.196, -2.261, 12.278, -0.21279, 0.97709, 0.00342
-0.21140, -0.40927, 1.33396, 90.211, -2.272, 12.420, -0.21522, 0.97656, 0.00368
-0.21221, -0.40860, 1.32965, 90.113, -2.254, 12.425, -0.21524, 0.97656, 0.00196
-0.21294, -0.41050, 1.32453, 90.342, -2.271, 12.343, -0.21398, 0.97682, 0.00597
-0.21250, -0.40997, 1.31887, 90.460, -2.347, 12.330, -0.21385, 0.97683, 0.00802
-0.21219, -0.41046, 1.31446, 90.678, -2.379, 12.353, -0.21439, 0.97668, 0.01182
-0.21164, -0.41140, 1.30943, 90.752, -2.274, 12.447, -0.21602, 0.97630, 0.01312
-0.21010, -0.40987, 1.30546, 90.644, -2.252, 12.521, -0.21721, 0.97606, 0.01123
-0.20919, -0.41059, 1.30174, 90.855, -2.183, 12.554, -0.21790, 0.97586, 0.01490
-0.20849, -0.41099, 1.29811, 91.058, -2.095, 12.552, -0.21794, 0.97579, 0.01844
