0.10000, 0.40000, 1.70000, 70.000, 0.000, 105.000, -0.90767, -0.24321, -0.34202
0.10000, 0.40000, 1.70000, 70.000, 0.000, 105.000, -0.90767, -0.24321, -0.34202
0.10000, 0.40000, 1.70000, 70.000, 0.000, 105.000, -0.90767, -0.24321, -0.34202
0.10000, 0.40000, 1.70000, 70.000, 0.000, 105.000, -0.90767, -0.24321, -0.34202
0.10000, 0.40000, 1.70000, 70.000, 0.000, 105.000, -0.90767, -0.24321, -0.34202
0.10239, 0.40100, 1.70004, 69.990, 0.024, 104.976, -0.90768, -0.24296, -0.34219
0.10650, 0.40219, 1.70035, 69.982, -0.005, 104.833, -0.90828, -0.24050, -0.34232
0.11466, 0.40473, 1.70081, 69.966, -0.030, 104.591, -0.90924, -0.23649, -0.34258
0.12837, 0.40955, 1.70102, 69.947, -0.028, 104.335, -0.91017, -0.23242, -0.34290
0.14599, 0.41620, 1.69870, 69.962, 0.005, 104.093, -0.91119, -0.22878, -0.34264
0.16221, 0.42103, 1.69678, 69.990, 0.034, 104.187, -0.91093, -0.23048, -0.34219
0.17468, 0.42189, 1.69722, 69.973, 0.056, 104.193, -0.91077, -0.23069, -0.34246
0.18497, 0.42180, 1.70011, 69.922, 0.062, 103.806, -0.91201, -0.22449, -0.34329
0.19828, 0.41872, 1.70139, 69.950, 0.022, 103.092, -0.91495, -0.21291, -0.34283
0.21901, 0.41450, 1.70112, 69.938, 0.073, 102.132, -0.91825, -0.19784, -0.34304
0.24913, 0.41058, 1.69968, 69.949, 0.066, 101.698, -0.91980, -0.19086, -0.34285
0.28297, 0.40659, 1.69878, 69.998, 0.041, 101.541, -0.92063, -0.18824, -0.34205
0.31370, 0.40252, 1.69936, 70.036, 0.068, 101.211, -0.92189, -0.18314, -0.34143
0.34814, 0.40375, 1.70121, 69.994, 0.134, 100.693, -0.92319, -0.17513, -0.34212
0.39051, 0.41034, 1.70123, 69.889, 0.068, 100.382, -0.92358, -0.16962, -0.34384
0.43611, 0.41325, 1.69813, 69.873, 0.054, 100.004, -0.92460, -0.16342, -0.34411
0.47842, 0.41008, 1.68655, 70.028, 0.215, 99.579, -0.92655, -0.15766, -0.34155
0.51108, 0.39176, 1.67688, 70.126, 0.140, 99.674, -0.92693, -0.15885, -0.33995
0.53999, 0.35647, 1.66980, 70.078, 0.139, 99.590, -0.92688, -0.15744, -0.34073
0.56423, 0.31000, 1.66408, 70.061, 0.087, 99.302, -0.92761, -0.15246, -0.34102
0.58240, 0.25995, 1.66079, 70.089, -0.026, 98.730, -0.92935, -0.14256, -0.34056
0.59312, 0.21429, 1.66045, 70.115, 0.058, 97.661, -0.93194, -0.12570, -0.34013
0.60545, 0.16906, 1.65903, 70.109, 0.122, 96.839, -0.93356, -0.11270, -0.34023
0.62053, 0.12313, 1.65736, 69.993, 0.095, 95.892, -0.93463, -0.09702, -0.34214
0.63712, 0.07746, 1.65676, 69.834, 0.007, 94.781, -0.93543, -0.07828, -0.34474
0.65230, 0.03310, 1.65800, 69.815, -0.026, 93.588, -0.93675, -0.05858, -0.34505
0.66108, -0.01365, 1.66001, 69.737, -0.003, 92.268, -0.93738, -0.03710, -0.34633
0.66701, -0.06574, 1.65947, 69.740, 0.050, 91.044, -0.93797, -0.01740, -0.34628
0.67148, -0.11727, 1.65720, 69.812, 0.038, 89.964, -0.93857, 0.00036, -0.34510
0.67543, -0.16348, 1.65424, 69.928, -0.090, 89.011, -0.93911, 0.01675, -0.34321
0.67879, -0.20580, 1.65058, 70.017, -0.079, 88.153, -0.93929, 0.03076, -0.34174
0.68572, -0.24493, 1.64529, 69.943, 0.105, 86.649, -0.93778, 0.05428, -0.34295
0.69690, -0.28157, 1.63575, 69.815, 0.176, 84.978, -0.93507, 0.08111, -0.34505
0.71132, -0.31742, 1.62325, 69.727, 0.109, 83.714, -0.93248, 0.10205, -0.34650
0.72646, -0.35474, 1.61274, 69.699, -0.037, 83.393, -0.93163, 0.10814, -0.34696
0.73866, -0.38811, 1.60533, 69.591, 0.038, 83.329, -0.93091, 0.10865, -0.34873
0.74685, -0.41530, 1.59681, 69.543, 0.017, 82.928, -0.92982, 0.11525, -0.34951
0.75522, -0.43533, 1.58912, 69.551, -0.042, 82.131, -0.92812, 0.12853, -0.34938
0.76985, -0.44936, 1.58628, 69.688, -0.044, 81.646, -0.92783, 0.13652, -0.34713
0.79509, -0.46505, 1.58867, 69.834, -0.052, 80.594, -0.92602, 0.15371, -0.34475
0.82471, -0.48148, 1.59483, 69.766, -0.052, 80.845, -0.92629, 0.14959, -0.34585
0.85398, -0.49580, 1.60268, 69.715, -0.019, 81.356, -0.92731, 0.14109, -0.34670
0.88078, -0.50643, 1.60978, 69.754, 0.165, 81.410, -0.92784, 0.13916, -0.34605
0.90813, -0.51576, 1.61341, 69.718, 0.304, 80.680, -0.92591, 0.15010, -0.34664
0.94413, -0.52422, 1.61775, 69.676, 0.298, 80.203, -0.92437, 0.15778, -0.34733
0.98245, -0.53271, 1.62134, 69.649, 0.245, 80.201, -0.92415, 0.15810, -0.34777
1.01677, -0.54160, 1.62260, 69.648, 0.172, 80.324, -0.92441, 0.15656, -0.34778
1.04230, -0.55069, 1.62181, 69.720, 0.126, 79.769, -0.92323, 0.16585, -0.34661
1.06627, -0.56239, 1.62216, 69.751, 0.045, 78.995, -0.92100, 0.17882, -0.34610
1.08656, -0.58035, 1.62371, 69.738, 0.036, 78.166, -0.91823, 0.19217, -0.34631
1.10587, -0.60497, 1.62449, 69.727, 0.030, 77.339, -0.91528, 0.20543, -0.34649
1.12690, -0.63326, 1.62304, 69.792, -0.090, 76.419, -0.91208, 0.22089, -0.34543
1.14050, -0.65169, 1.62640, 69.777, -0.230, 74.709, -0.90477, 0.24880, -0.34567
1.15106, -0.67151, 1.63162, 69.754, -0.185, 73.353, -0.89858, 0.26984, -0.34604
1.16435, -0.69681, 1.63528, 69.727, -0.073, 72.318, -0.89360, 0.28533, -0.34650
1.18407, -0.72773, 1.63619, 69.697, -0.024, 71.335, -0.88850, 0.30028, -0.34698
1.20869, -0.75833, 1.63801, 69.674, -0.125, 70.023, -0.88105, 0.32108, -0.34736
1.23429, -0.78984, 1.63797, 69.687, -0.128, 69.304, -0.87702, 0.33216, -0.34714
1.25375, -0.82059, 1.63706, 69.733, -0.101, 68.734, -0.87399, 0.34081, -0.34639
1.26571, -0.85118, 1.63614, 69.764, -0.074, 68.031, -0.86998, 0.35143, -0.34589
1.27472, -0.88445, 1.63609, 69.712, -0.092, 67.140, -0.86408, 0.36490, -0.34673
1.28155, -0.92746, 1.63356, 69.742, -0.172, 66.084, -0.85717, 0.38127, -0.34624
1.28635, -0.96989, 1.63242, 69.847, -0.138, 65.304, -0.85257, 0.39298, -0.34452
1.29033, -1.00708, 1.63289, 69.902, -0.023, 64.644, -0.84857, 0.40229, -0.34363
1.29550, -1.03892, 1.63892, 69.799, 0.009, 63.758, -0.84179, 0.41491, -0.34532
1.30622, -1.07515, 1.64361, 69.656, -0.059, 62.746, -0.83337, 0.42969, -0.34766
1.31877, -1.11936, 1.64384, 69.646, -0.146, 61.861, -0.82633, 0.44294, -0.34782
1.33082, -1.16638, 1.64211, 69.702, -0.162, 60.814, -0.81835, 0.45823, -0.34690
1.34003, -1.20913, 1.63958, 69.822, -0.123, 59.439, -0.80786, 0.47789, -0.34494
1.34412, -1.24001, 1.64066, 69.717, -0.156, 58.014, -0.79509, 0.49766, -0.34665
1.34414, -1.27258, 1.64060, 69.645, -0.160, 57.277, -0.78824, 0.50763, -0.34783
1.34164, -1.30469, 1.63901, 69.708, -0.214, 56.645, -0.78273, 0.51679, -0.34679
1.33543, -1.33229, 1.63707, 69.868, -0.325, 55.869, -0.77608, 0.52843, -0.34418
1.33460, -1.35066, 1.63872, 69.825, -0.292, 55.093, -0.76876, 0.53858, -0.34488
1.33557, -1.36553, 1.63963, 69.770, -0.262, 54.152, -0.75964, 0.55080, -0.34578
1.33854, -1.38444, 1.63962, 69.726, -0.282, 53.158, -0.74969, 0.56383, -0.34650
1.34238, -1.40909, 1.63772, 69.730, -0.304, 52.088, -0.73896, 0.57785, -0.34644
1.34620, -1.43912, 1.63312, 69.856, -0.227, 50.993, -0.72868, 0.59198, -0.34438
1.35429, -1.48211, 1.63257, 69.781, -0.284, 50.734, -0.72542, 0.59524, -0.34561
1.35552, -1.52247, 1.63262, 69.761, -0.264, 50.483, -0.72279, 0.59825, -0.34593
1.35417, -1.55944, 1.63392, 69.727, -0.187, 49.876, -0.71655, 0.60539, -0.34650
1.34159, -1.59616, 1.63832, 69.589, -0.130, 48.870, -0.70541, 0.61707, -0.34874
1.32453, -1.63895, 1.64015, 69.534, -0.216, 47.900, -0.69426, 0.62909, -0.34964
1.30601, -1.68316, 1.64219, 69.550, -0.274, 47.871, -0.69377, 0.62977, -0.34939
1.28920, -1.72550, 1.64258, 69.613, -0.250, 48.154, -0.69727, 0.62647, -0.34836
1.27585, -1.76781, 1.64102, 69.690, -0.130, 48.689, -0.70392, 0.61969, -0.34710
1.26598, -1.81644, 1.63688, 69.729, -0.077, 48.604, -0.70338, 0.62065, -0.34647
1.25751, -1.86151, 1.63117, 69.821, -0.098, 48.286, -0.70026, 0.62501, -0.34495
1.24869, -1.90219, 1.62686, 69.821, -0.122, 47.480, -0.69130, 0.63491, -0.34496
1.23768, -1.93573, 1.62596, 69.749, -0.189, 46.071, -0.67489, 0.65170, -0.34613
1.22230, -1.96004, 1.62748, 69.658, -0.367, 44.106, -0.65098, 0.67482, -0.34761
1.19618, -1.97864, 1.62590, 69.598, -0.427, 42.285, -0.62869, 0.69514, -0.34859
1.16759, -1.98834, 1.62220, 69.710, -0.532, 40.227, -0.60329, 0.71819, -0.34676
1.14107, -1.99192, 1.61817, 69.960, -0.571, 38.428, -0.58123, 0.73807, -0.34267
1.11767, -1.99290, 1.61537, 70.095, -0.553, 37.211, -0.56601, 0.75082, -0.34045
1.09188, -1.99336, 1.61449, 70.073, -0.547, 36.246, -0.55323, 0.76013, -0.34080
1.06299, -1.99737, 1.61626, 69.999, -0.614, 34.903, -0.53466, 0.77276, -0.34202
1.02832, -2.00472, 1.61697, 69.944, -0.666, 33.669, -0.51746, 0.78400, -0.34291
0.99167, -2.00911, 1.61472, 69.939, -0.662, 32.434, -0.50044, 0.79493, -0.34300
0.96239, -2.00462, 1.60955, 69.952, -0.480, 30.501, -0.47433, 0.81087, -0.34280
0.93597, -1.99261, 1.60726, 69.874, -0.400, 28.263, -0.44248, 0.82814, -0.34408
0.90890, -1.97884, 1.60803, 69.889, -0.435, 26.253, -0.41302, 0.84332, -0.34383
0.88088, -1.96455, 1.60918, 69.955, -0.486, 24.632, -0.38890, 0.85515, -0.34275
0.85355, -1.94930, 1.60752, 69.965, -0.476, 23.328, -0.36941, 0.86381, -0.34259
0.83120, -1.93449, 1.60219, 70.090, -0.431, 21.986, -0.34963, 0.87281, -0.34053
0.80734, -1.92188, 1.59400, 70.224, -0.359, 21.298, -0.33981, 0.87752, -0.33834
0.78120, -1.91357, 1.58727, 70.244, -0.334, 21.378, -0.34124, 0.87710, -0.33800
0.75365, -1.90922, 1.58399, 70.140, -0.333, 22.261, -0.35447, 0.87118, -0.33971
0.72699, -1.90342, 1.57959, 70.068, -0.091, 22.583, -0.36051, 0.86822, -0.34091
0.69868, -1.89818, 1.57440, 70.033, -0.040, 24.335, -0.38709, 0.85648, -0.34147
0.67305, -1.88779, 1.57035, 70.032, 0.021, 26.459, -0.41888, 0.84138, -0.34150
0.65057, -1.86907, 1.56741, 70.046, 0.077, 28.130, -0.44357, 0.82872, -0.34127
0.62772, -1.84230, 1.56352, 70.080, -0.002, 29.269, -0.45965, 0.82014, -0.34072
0.60281, -1.82121, 1.55646, 70.157, 0.095, 31.439, -0.49110, 0.80225, -0.33944
0.57992, -1.80734, 1.54819, 70.323, 0.177, 33.308, -0.51794, 0.78636, -0.33672
0.56219, -1.80054, 1.54085, 70.505, 0.195, 34.668, -0.53714, 0.77467, -0.33372
0.55115, -1.79906, 1.53612, 70.605, 0.199, 35.810, -0.55282, 0.76427, -0.33208
0.54307, -1.79992, 1.53261, 70.633, 0.221, 37.103, -0.57013, 0.75165, -0.33161
0.53315, -1.80296, 1.52908, 70.668, 0.199, 38.411, -0.58717, 0.73868, -0.33103
0.52205, -1.80779, 1.52768, 70.674, 0.182, 39.742, -0.60412, 0.72493, -0.33093
0.51122, -1.81422, 1.52754, 70.614, 0.188, 41.098, -0.62090, 0.71015, -0.33192
0.50142, -1.82331, 1.52737, 70.552, 0.174, 42.430, -0.63694, 0.69531, -0.33295
0.49219, -1.83033, 1.52750, 70.349, 0.068, 43.790, -0.65200, 0.67956, -0.33628
0.48134, -1.83891, 1.52750, 70.296, 0.024, 44.785, -0.66330, 0.66810, -0.33717
0.46859, -1.85181, 1.52744, 70.302, 0.016, 45.088, -0.66682, 0.66464, -0.33706
0.45575, -1.87023, 1.53021, 70.230, -0.054, 44.952, -0.66464, 0.66621, -0.33825
0.44611, -1.89308, 1.53462, 70.175, -0.129, 43.756, -0.65005, 0.68001, -0.33915
0.43941, -1.91939, 1.53844, 70.138, -0.170, 42.571, -0.63551, 0.69331, -0.33976
0.43216, -1.94735, 1.54250, 70.129, -0.201, 41.673, -0.62439, 0.70327, -0.33991
0.42040, -1.97456, 1.54824, 70.131, -0.263, 40.605, -0.61091, 0.71503, -0.33987
0.40575, -1.99665, 1.55298, 70.174, -0.321, 38.575, -0.58509, 0.73664, -0.33916
0.38922, -2.01795, 1.55546, 70.214, -0.394, 36.889, -0.56297, 0.75397, -0.33851
0.37016, -2.03928, 1.55659, 70.286, -0.464, 35.338, -0.54227, 0.76952, -0.33731
0.34945, -2.06033, 1.55833, 70.387, -0.524, 33.677, -0.51979, 0.78560, -0.33565
0.33183, -2.07954, 1.56417, 70.403, -0.620, 32.147, -0.49820, 0.79957, -0.33538
0.31442, -2.09615, 1.56871, 70.420, -0.587, 31.035, -0.48280, 0.80908, -0.33510
0.29718, -2.10944, 1.56941, 70.478, -0.551, 29.467, -0.46084, 0.82217, -0.33415
0.27961, -2.11995, 1.56743, 70.565, -0.534, 27.381, -0.43095, 0.83879, -0.33273
0.26070, -2.12928, 1.56217, 70.623, -0.490, 25.596, -0.40500, 0.85200, -0.33178
0.23578, -2.13241, 1.55746, 70.554, -0.384, 25.589, -0.40525, 0.85144, -0.33291
0.20954, -2.12938, 1.55341, 70.540, -0.373, 25.588, -0.40527, 0.85134, -0.33314
0.18516, -2.10887, 1.55170, 70.587, -0.399, 25.471, -0.40352, 0.85247, -0.33236
0.16505, -2.07458, 1.55156, 70.684, -0.431, 24.468, -0.38861, 0.85999, -0.33076
0.15137, -2.04253, 1.55430, 70.829, -0.441, 23.388, -0.37262, 0.86794, -0.32837
0.14459, -2.01773, 1.55854, 70.825, -0.461, 22.217, -0.35469, 0.87540, -0.32844
0.14083, -2.00088, 1.56155, 70.824, -0.479, 21.198, -0.33897, 0.88160, -0.32846
0.13622, -1.98973, 1.56224, 70.866, -0.482, 20.321, -0.32551, 0.88691, -0.32777
0.12909, -1.97899, 1.56275, 70.865, -0.431, 18.956, -0.30457, 0.89431, -0.32779
0.12290, -1.96773, 1.56169, 70.883, -0.426, 17.604, -0.28344, 0.90134, -0.32750
0.12195, -1.95267, 1.55922, 70.949, -0.431, 16.110, -0.25992, 0.90879, -0.32641
0.12353, -1.93139, 1.55598, 71.048, -0.439, 15.246, -0.24631, 0.91316, -0.32477
0.12612, -1.90274, 1.55161, 71.158, -0.361, 15.260, -0.24714, 0.91358, -0.32296
0.12588, -1.86952, 1.54676, 71.261, -0.207, 15.964, -0.25934, 0.91079, -0.32125
0.12313, -1.83874, 1.54275, 71.317, -0.043, 17.220, -0.28022, 0.90491, -0.32033
0.11710, -1.81515, 1.53915, 71.322, 0.127, 19.074, -0.31025, 0.89509, -0.32025
0.11130, -1.80122, 1.53492, 71.308, 0.282, 21.761, -0.35264, 0.87917, -0.32048
0.10584, -1.79494, 1.53015, 71.335, 0.176, 24.119, -0.38803, 0.86430, -0.32003
0.09648, -1.79683, 1.52442, 71.396, 0.221, 26.905, -0.42996, 0.84460, -0.31903
0.08480, -1.80222, 1.52027, 71.392, 0.280, 29.671, -0.47049, 0.82269, -0.31909
0.07247, -1.80714, 1.51848, 71.288, 0.288, 32.093, -0.50457, 0.80155, -0.32080
0.05904, -1.80893, 1.51495, 71.294, 0.358, 34.515, -0.53834, 0.77931, -0.32071
0.03826, -1.81259, 1.50935, 71.338, 0.414, 37.468, -0.57817, 0.75056, -0.31998
0.01451, -1.82216, 1.50420, 71.314, 0.464, 40.838, -0.62141, 0.71499, -0.32037
-0.00945, -1.83600, 1.50151, 71.136, 0.482, 44.056, -0.65997, 0.67817, -0.32331
-0.03299, -1.84708, 1.50110, 70.984, 0.336, 46.239, -0.68415, 0.65252, -0.32583
-0.05026, -1.85029, 1.49518, 71.236, 0.376, 48.318, -0.70855, 0.62808, -0.32167
-0.06440, -1.84862, 1.48926, 71.436, 0.322, 50.910, -0.73690, 0.59635, -0.31836
-0.07540, -1.84622, 1.48599, 71.457, 0.166, 54.387, -0.77130, 0.55132, -0.31802
-0.08210, -1.84616, 1.48500, 71.456, 0.116, 58.633, -0.80986, 0.49294, -0.31803
-0.08403, -1.84819, 1.48715, 71.257, 0.108, 61.791, -0.83479, 0.44708, -0.32132
-0.08364, -1.84965, 1.48853, 71.131, 0.120, 63.859, -0.84977, 0.41629, -0.32341
-0.08092, -1.85319, 1.48975, 71.073, 0.110, 63.971, -0.85026, 0.41454, -0.32436
-0.07575, -1.86291, 1.49167, 71.015, -0.013, 62.390, -0.83789, 0.43831, -0.32532
-0.06862, -1.88312, 1.49373, 70.915, -0.113, 62.043, -0.83444, 0.44362, -0.32697
-0.05705, -1.90679, 1.49512, 70.895, -0.121, 61.720, -0.83181, 0.44829, -0.32730
-0.04151, -1.92802, 1.49919, 70.816, -0.134, 60.504, -0.82168, 0.46569, -0.32860
-0.02328, -1.94455, 1.50583, 70.583, -0.172, 58.488, -0.80352, 0.49380, -0.33245
-0.00428, -1.95811, 1.51151, 70.432, -0.214, 56.753, -0.78733, 0.51763, -0.33493
0.00914, -1.96992, 1.51676, 70.243, -0.262, 55.633, -0.77598, 0.53254, -0.33802
0.01880, -1.98123, 1.51942, 70.231, -0.268, 54.599, -0.76616, 0.54644, -0.33822
0.02280, -1.99654, 1.52044, 70.265, -0.267, 53.301, -0.75375, 0.56377, -0.33767
0.02335, -2.02070, 1.52156, 70.273, -0.296, 51.575, -0.73636, 0.58639, -0.33753
0.02491, -2.05539, 1.52093, 70.289, -0.351, 49.705, -0.71671, 0.61040, -0.33726
0.02614, -2.09301, 1.52331, 70.266, -0.355, 48.651, -0.70522, 0.62342, -0.33764
0.02733, -2.12885, 1.52882, 70.220, -0.339, 47.663, -0.69423, 0.63524, -0.33841
0.02941, -2.16347, 1.53292, 70.190, -0.261, 46.097, -0.67681, 0.65351, -0.33890
0.03477, -2.20847, 1.53442, 70.156, -0.206, 44.202, -0.65492, 0.67516, -0.33946
0.03487, -2.25650, 1.53419, 70.154, -0.207, 42.904, -0.63944, 0.68983, -0.33948
0.03350, -2.29446, 1.53434, 70.146, -0.251, 41.267, -0.61924, 0.70795, -0.33963
0.02821, -2.32084, 1.53564, 70.106, -0.301, 39.169, -0.59253, 0.73015, -0.34028
0.01910, -2.34594, 1.53698, 70.071, -0.254, 37.331, -0.56891, 0.74844, -0.34086
0.00349, -2.37168, 1.53761, 69.917, -0.301, 34.951, -0.53657, 0.77084, -0.34337
-0.01390, -2.39716, 1.53877, 69.938, -0.370, 33.112, -0.51127, 0.78800, -0.34302
-0.03231, -2.42023, 1.54073, 70.036, -0.401, 31.806, -0.49334, 0.80003, -0.34142
-0.05290, -2.43950, 1.54320, 70.049, -0.403, 30.495, -0.47494, 0.81117, -0.34121
-0.07781, -2.46123, 1.54518, 69.880, -0.412, 28.283, -0.44273, 0.82805, -0.34397
-0.10857, -2.48675, 1.54778, 69.753, -0.405, 26.259, -0.41290, 0.84247, -0.34605
-0.14075, -2.50683, 1.54976, 69.731, -0.362, 24.559, -0.38790, 0.85412, -0.34642
-0.17192, -2.51322, 1.55082, 69.730, -0.296, 23.049, -0.36563, 0.86388, -0.34644
-0.20707, -2.50963, 1.55321, 69.610, -0.250, 21.374, -0.34021, 0.87343, -0.34840
-0.23859, -2.50138, 1.56082, 69.490, -0.353, 19.394, -0.30898, 0.88418, -0.35037
-0.26630, -2.49057, 1.57012, 69.460, -0.475, 17.492, -0.27869, 0.89400, -0.35085
-0.29281, -2.47624, 1.57622, 69.470, -0.488, 15.348, -0.24500, 0.90388, -0.35068
-0.32292, -2.45473, 1.57716, 69.747, -0.239, 12.026, -0.19406, 0.91788, -0.34617
-0.35640, -2.43546, 1.57552, 69.935, -0.221, 9.093, -0.14714, 0.92771, -0.34308
-0.38477, -2.41678, 1.57122, 70.117, -0.166, 6.923, -0.11236, 0.93365, -0.34011
-0.40613, -2.39434, 1.56893, 70.183, -0.120, 5.210, -0.08473, 0.93696, -0.33901
-0.42190, -2.36396, 1.57028, 70.125, -0.118, 3.403, -0.05512, 0.93882, -0.33997
-0.43303, -2.32848, 1.57369, 70.132, -0.270, 1.532, -0.02355, 0.94018, -0.33986
-0.44092, -2.29423, 1.57531, 70.182, -0.290, -0.073, 0.00291, 0.94077, -0.33903
-0.44932, -2.26313, 1.57484, 70.283, -0.266, -1.520, 0.02654, 0.94100, -0.33736
-0.46221, -2.23554, 1.57101, 70.386, -0.190, -2.973, 0.04998, 0.94065, -0.33568
-0.48312, -2.21044, 1.56787, 70.416, -0.242, -4.549, 0.07613, 0.93907, -0.33519
-0.51020, -2.18855, 1.56429, 70.480, -0.308, -5.948, 0.09946, 0.93726, -0.33414
-0.53497, -2.16844, 1.56291, 70.527, -0.322, -7.069, 0.11788, 0.93540, -0.33336
-0.55368, -2.14889, 1.56252, 70.552, -0.305, -7.984, 0.13272, 0.93356, -0.33294
-0.56809, -2.12914, 1.56138, 70.598, -0.226, -8.928, 0.14767, 0.93158, -0.33220
-0.58066, -2.10798, 1.55977, 70.615, -0.274, -9.991, 0.16523, 0.92873, -0.33191
-0.59465, -2.08429, 1.55716, 70.691, -0.397, -11.326, 0.18759, 0.92492, -0.33065
-0.60909, -2.06087, 1.55428, 70.767, -0.515, -12.730, 0.21095, 0.92032, -0.32940
-0.62220, -2.04062, 1.55220, 70.777, -0.549, -13.849, 0.22907, 0.91604, -0.32924
-0.63865, -2.01650, 1.55123, 70.748, -0.507, -14.292, 0.23588, 0.91414, -0.32971
-0.66324, -1.99333, 1.54901, 70.762, -0.454, -14.422, 0.23767, 0.91376, -0.32949
-0.69410, -1.97409, 1.54808, 70.761, -0.442, -14.720, 0.24237, 0.91252, -0.32950
-0.72743, -1.95900, 1.54824, 70.633, -0.478, -15.333, 0.25214, 0.90910, -0.33161
-0.75929, -1.94318, 1.54984, 70.452, -0.527, -14.809, 0.24384, 0.91027, -0.33459
-0.78140, -1.92267, 1.54970, 70.410, -0.506, -14.198, 0.23395, 0.91261, -0.33527
-0.79704, -1.89802, 1.54993, 70.375, -0.468, -13.596, 0.22409, 0.91487, -0.33586
-0.80877, -1.86864, 1.55177, 70.312, -0.452, -13.324, 0.21957, 0.91558, -0.33689
-0.81788, -1.83293, 1.55400, 70.244, -0.505, -13.850, 0.22819, 0.91306, -0.33800
-0.83323, -1.79295, 1.55594, 70.262, -0.567, -14.104, 0.23260, 0.91206, -0.33770
-0.84755, -1.75671, 1.55764, 70.288, -0.589, -14.085, 0.23246, 0.91225, -0.33728
-0.85948, -1.72603, 1.55818, 70.319, -0.578, -14.051, 0.23190, 0.91259, -0.33676
-0.87090, -1.69952, 1.55776, 70.357, -0.459, -14.456, 0.23771, 0.91132, -0.33615
-0.88802, -1.67582, 1.55797, 70.335, -0.437, -15.286, 0.25073, 0.90769, -0.33651
-0.91139, -1.65253, 1.55821, 70.337, -0.470, -16.449, 0.26930, 0.90236, -0.33648
-0.93636, -1.63075, 1.55786, 70.362, -0.510, -17.695, 0.28911, 0.89637, -0.33606
-0.95782, -1.61084, 1.55517, 70.413, -0.512, -18.869, 0.30753, 0.89053, -0.33523
-0.97229, -1.59031, 1.55361, 70.503, -0.443, -20.124, 0.32675, 0.88422, -0.33374
-0.98304, -1.56683, 1.55050, 70.547, -0.405, -21.322, 0.34504, 0.87752, -0.33302
-0.99386, -1.53896, 1.54977, 70.550, -0.432, -22.803, 0.36776, 0.86826, -0.33297
-1.00648, -1.50717, 1.55124, 70.534, -0.592, -24.367, 0.39213, 0.85743, -0.33323
-1.02021, -1.47386, 1.55446, 70.460, -0.767, -25.313, 0.40699, 0.85001, -0.33443
-1.03125, -1.44358, 1.55740, 70.495, -0.811, -25.813, 0.41470, 0.84650, -0.33385
-1.04205, -1.42095, 1.55996, 70.495, -0.773, -26.550, 0.42536, 0.84120, -0.33385
-1.05499, -1.40307, 1.56236, 70.453, -0.727, -27.720, 0.44211, 0.83224, -0.33454
-1.07160, -1.38398, 1.56452, 70.398, -0.757, -29.152, 0.46277, 0.82056, -0.33545
-1.08943, -1.36033, 1.56468, 70.372, -0.748, -29.890, 0.47318, 0.81442, -0.33588
-1.10612, -1.33929, 1.56461, 70.349, -0.711, -30.585, 0.48277, 0.80862, -0.33626
-1.12111, -1.31689, 1.56524, 70.280, -0.697, -31.038, 0.48889, 0.80446, -0.33740
-1.13329, -1.28961, 1.56891, 70.190, -0.711, -31.177, 0.49065, 0.80276, -0.33888
-1.13956, -1.25875, 1.56967, 70.189, -0.720, -31.432, 0.49426, 0.80054, -0.33889
-1.14066, -1.22976, 1.57040, 70.182, -0.751, -32.409, 0.50797, 0.79186, -0.33901
-1.14132, -1.20256, 1.57088, 70.187, -0.774, -33.338, 0.52087, 0.78347, -0.33892
-1.14241, -1.17732, 1.57161, 70.213, -0.790, -33.958, 0.52948, 0.77787, -0.33849
-1.14392, -1.15466, 1.57447, 70.219, -0.832, -34.601, 0.53840, 0.77176, -0.33839
-1.14920, -1.13779, 1.57753, 70.143, -0.837, -36.224, 0.55981, 0.75581, -0.33964
-1.15903, -1.12153, 1.58126, 70.055, -0.870, -38.113, 0.58428, 0.73641, -0.34107
-1.17227, -1.09758, 1.58289, 70.034, -0.901, -39.475, 0.60168, 0.72209, -0.34143
-1.18635, -1.06094, 1.58112, 70.089, -0.873, -39.778, 0.60555, 0.71927, -0.34052
-1.19667, -1.03141, 1.57696, 70.149, -0.864, -40.053, 0.60917, 0.71668, -0.33954
-1.20132, -1.00751, 1.57291, 70.236, -0.828, -40.519, 0.61514, 0.71224, -0.33811
-1.20125, -0.98169, 1.57211, 70.255, -0.831, -41.038, 0.62165, 0.70671, -0.33780
-1.19768, -0.95019, 1.57385, 70.209, -0.969, -41.630, 0.62936, 0.69950, -0.33855
-1.19220, -0.92113, 1.57424, 70.235, -1.082, -42.926, 0.64560, 0.68475, -0.33811
-1.18657, -0.89276, 1.57594, 70.282, -1.239, -43.819, 0.65705, 0.67417, -0.33732
-1.18007, -0.86695, 1.57738, 70.326, -1.242, -44.494, 0.66513, 0.66657, -0.33659
-1.17293, -0.84132, 1.57804, 70.342, -1.130, -45.078, 0.67148, 0.66030, -0.33634
-1.16635, -0.80967, 1.57864, 70.296, -1.109, -45.608, 0.67729, 0.65394, -0.33710
-1.16086, -0.77086, 1.58234, 70.199, -1.176, -46.711, 0.68963, 0.64008, -0.33868
-1.15643, -0.72804, 1.58629, 70.088, -1.193, -47.696, 0.70014, 0.62758, -0.34050
-1.15124, -0.68436, 1.59030, 69.891, -1.185, -47.914, 0.70167, 0.62411, -0.34373
-1.14290, -0.64310, 1.59512, 69.599, -1.169, -47.232, 0.69289, 0.63122, -0.34851
-1.13038, -0.60853, 1.59673, 69.594, -1.053, -47.381, 0.69403, 0.62992, -0.34861
-1.11264, -0.57857, 1.59615, 69.633, -1.050, -48.263, 0.70380, 0.61934, -0.34797
-1.09323, -0.55060, 1.59359, 69.796, -1.055, -49.658, 0.71941, 0.60267, -0.34531
-1.07505, -0.52293, 1.59105, 69.957, -1.020, -50.946, 0.73336, 0.58716, -0.34268
-1.05736, -0.49706, 1.59267, 69.945, -0.975, -51.569, 0.73948, 0.57932, -0.34287
-1.04150, -0.46667, 1.59533, 69.834, -0.892, -51.786, 0.74087, 0.57646, -0.34470
-1.03006, -0.43129, 1.59595, 69.809, -0.883, -52.328, 0.74613, 0.56937, -0.34511
-1.02318, -0.39309, 1.59586, 69.842, -0.933, -53.308, 0.75609, 0.55642, -0.34457
-1.01852, -0.35646, 1.59627, 69.816, -0.968, -54.204, 0.76471, 0.54425, -0.34498
-1.01179, -0.32696, 1.59564, 69.832, -0.937, -54.839, 0.77066, 0.53596, -0.34472
-0.99944, -0.30037, 1.59499, 69.846, -0.836, -55.269, 0.77438, 0.53071, -0.34451
-0.98101, -0.27563, 1.59400, 69.866, -0.784, -55.820, 0.77936, 0.52357, -0.34419
-0.95830, -0.25256, 1.59232, 69.921, -0.862, -56.835, 0.78905, 0.50948, -0.34328
-0.93593, -0.22902, 1.59238, 70.066, -0.904, -58.201, 0.80182, 0.49079, -0.34090
-0.91557, -0.20715, 1.59575, 70.059, -0.974, -59.041, 0.80910, 0.47861, -0.34100
-0.89652, -0.18899, 1.60162, 69.974, -0.962, -60.257, 0.81861, 0.46112, -0.34240
-0.87732, -0.17437, 1.60372, 69.891, -0.817, -62.440, 0.83476, 0.43012, -0.34377
-0.85600, -0.15811, 1.59967, 70.079, -0.976, -64.869, 0.85364, 0.39402, -0.34067
-0.83646, -0.14541, 1.59592, 70.229, -0.999, -66.371, 0.86452, 0.37179, -0.33820
-0.81235, -0.13994, 1.59268, 70.317, -0.962, -67.636, 0.87290, 0.35303, -0.33677
-0.78113, -0.13939, 1.59130, 70.336, -0.890, -68.905, 0.88045, 0.33406, -0.33647
-0.74483, -0.14251, 1.59391, 70.325, -1.081, -69.902, 0.88647, 0.31759, -0.33662
