-1.22143, -0.40284, 1.79464, 89.858, -0.252, 95.763, -0.99494, -0.10040, -0.00247
-1.22096, -0.40318, 1.79454, 89.813, -0.305, 95.815, -0.99485, -0.10130, -0.00326
-1.22052, -0.40347, 1.79448, 89.785, -0.350, 95.846, -0.99479, -0.10183, -0.00376
-1.22011, -0.40369, 1.79446, 89.775, -0.384, 95.856, -0.99478, -0.10200, -0.00392
-1.21973, -0.40386, 1.79446, 89.796, -0.412, 95.851, -0.99479, -0.10192, -0.00356
-1.21940, -0.40402, 1.79447, 89.857, -0.439, 95.836, -0.99482, -0.10166, -0.00249
-1.21909, -0.40417, 1.79449, 89.954, -0.465, 95.811, -0.99486, -0.10124, -0.00081
-1.21880, -0.40429, 1.79451, 90.071, -0.487, 95.778, -0.99492, -0.10069, 0.00124
-1.21849, -0.40439, 1.79454, 90.189, -0.504, 95.743, -0.99497, -0.10009, 0.00330
-1.21812, -0.40447, 1.79457, 90.285, -0.515, 95.709, -0.99502, -0.09952, 0.00498
-1.21769, -0.40454, 1.79461, 90.347, -0.488, 95.681, -0.99507, -0.09903, 0.00605
-1.21719, -0.40459, 1.79464, 90.367, -0.509, 95.659, -0.99510, -0.09866, 0.00641
-1.21665, -0.40464, 1.79467, 90.363, -0.548, 95.641, -0.99513, -0.09836, 0.00633
-1.21607, -0.40466, 1.79470, 90.349, -0.553, 95.624, -0.99516, -0.09806, 0.00609
-1.21545, -0.40468, 1.79472, 90.327, -0.533, 95.609, -0.99519, -0.09778, 0.00571
-1.21477, -0.40469, 1.79475, 90.301, -0.394, 95.595, -0.99522, -0.09753, 0.00525
-1.21405, -0.40469, 1.79479, 90.274, -0.246, 95.585, -0.99524, -0.09734, 0.00479
-1.21327, -0.40470, 1.79484, 90.253, -0.188, 95.578, -0.99525, -0.09721, 0.00441
-1.21246, -0.40472, 1.79491, 90.239, -0.174, 95.574, -0.99526, -0.09714, 0.00417
-1.21163, -0.40475, 1.79499, 90.234, -0.092, 95.573, -0.99527, -0.09711, 0.00409
-1.21077, -0.40478, 1.79510, 90.251, -0.008, 95.578, -0.99526, -0.09720, 0.00439
-1.20987, -0.40481, 1.79524, 90.302, 0.031, 95.595, -0.99522, -0.09748, 0.00528
-1.20892, -0.40483, 1.79540, 90.383, 0.067, 95.620, -0.99517, -0.09793, 0.00668
-1.20792, -0.40485, 1.79557, 90.480, -0.018, 95.652, -0.99510, -0.09848, 0.00838
-1.20689, -0.40490, 1.79574, 90.578, -0.279, 95.683, -0.99503, -0.09907, 0.01009
-1.20585, -0.40497, 1.79589, 90.658, -0.512, 95.709, -0.99496, -0.09957, 0.01148
-1.20479, -0.40507, 1.79601, 90.709, -0.541, 95.725, -0.99492, -0.09986, 0.01237
-1.20374, -0.40520, 1.79609, 90.726, -0.292, 95.731, -0.99492, -0.09991, 0.01267
-1.20275, -0.40544, 1.79614, 90.708, 0.072, 95.712, -0.99496, -0.09950, 0.01235
-1.20185, -0.40587, 1.79617, 90.654, -0.043, 95.655, -0.99507, -0.09855, 0.01141
-1.20099, -0.40645, 1.79619, 90.561, -0.836, 95.567, -0.99522, -0.09714, 0.00979
-1.20011, -0.40712, 1.79619, 90.465, -1.322, 95.459, -0.99541, -0.09531, 0.00812
-1.19911, -0.40776, 1.79619, 90.376, -1.040, 95.351, -0.99561, -0.09337, 0.00655
-1.19793, -0.40828, 1.79621, 90.274, -0.714, 95.262, -0.99577, -0.09177, 0.00478
-1.19655, -0.40860, 1.79624, 90.224, -0.998, 95.206, -0.99586, -0.09080, 0.00391
-1.19495, -0.40871, 1.79629, 90.212, -1.076, 95.187, -0.99589, -0.09047, 0.00370
-1.19321, -0.40869, 1.79635, 90.218, -0.838, 95.194, -0.99588, -0.09059, 0.00381
-1.19135, -0.40864, 1.79642, 90.233, -0.995, 95.217, -0.99584, -0.09100, 0.00407
-1.18933, -0.40856, 1.79649, 90.224, -1.122, 95.256, -0.99578, -0.09168, 0.00391
-1.18712, -0.40847, 1.79658, 90.172, -1.052, 95.308, -0.99570, -0.09257, 0.00299
-1.18472, -0.40837, 1.79668, 90.160, -0.999, 95.369, -0.99560, -0.09362, 0.00278
-1.18215, -0.40829, 1.79679, 90.313, -0.619, 95.433, -0.99549, -0.09474, 0.00545
-1.17945, -0.40824, 1.79691, 90.242, -0.249, 95.493, -0.99540, -0.09575, 0.00423
-1.17666, -0.40822, 1.79703, 90.242, -0.475, 95.548, -0.99530, -0.09671, 0.00422
-1.17372, -0.40822, 1.79717, 90.241, -1.190, 95.605, -0.99520, -0.09775, 0.00421
-1.17054, -0.40823, 1.79734, 90.473, -1.195, 95.674, -0.99505, -0.09904, 0.00826
-1.16714, -0.40825, 1.79753, 90.488, -0.505, 95.752, -0.99492, -0.10029, 0.00852
-1.16358, -0.40830, 1.79773, 90.711, -0.324, 95.830, -0.99474, -0.10164, 0.01241
-1.15998, -0.40838, 1.79792, 90.818, -0.641, 95.900, -0.99459, -0.10294, 0.01428
-1.15645, -0.40849, 1.79806, 90.799, -0.794, 95.953, -0.99449, -0.10389, 0.01394
-1.15307, -0.40864, 1.79817, 90.896, -0.630, 95.984, -0.99441, -0.10442, 0.01564
-1.14989, -0.40882, 1.79822, 90.781, -0.216, 95.995, -0.99443, -0.10448, 0.01363
-1.14691, -0.40915, 1.79825, 91.050, -0.650, 95.987, -0.99436, -0.10449, 0.01832
-1.14413, -0.40977, 1.79827, 90.856, -1.556, 95.964, -0.99444, -0.10429, 0.01493
-1.14150, -0.41066, 1.79829, 90.889, -1.353, 95.927, -0.99450, -0.10361, 0.01552
-1.13894, -0.41178, 1.79830, 91.056, -0.707, 95.882, -0.99454, -0.10269, 0.01844
-1.13634, -0.41301, 1.79831, 90.947, -0.707, 95.837, -0.99466, -0.10189, 0.01653
-1.13358, -0.41422, 1.79831, 91.154, -0.750, 95.801, -0.99465, -0.10131, 0.02013
-1.13061, -0.41533, 1.79831, 91.033, -0.749, 95.777, -0.99474, -0.10088, 0.01803
-1.12740, -0.41627, 1.79831, 91.142, -0.696, 95.769, -0.99471, -0.10075, 0.01993
-1.12405, -0.41711, 1.79830, 90.980, -0.001, 95.769, -0.99479, -0.10051, 0.01710
-1.12065, -0.41794, 1.79825, 91.171, 0.430, 95.770, -0.99474, -0.10036, 0.02044
-1.11714, -0.41874, 1.79816, 91.012, -0.293, 95.772, -0.99477, -0.10064, 0.01767
-1.11346, -0.41952, 1.79805, 90.791, -0.563, 95.776, -0.99481, -0.10077, 0.01381
-1.10957, -0.42027, 1.79791, 91.121, 0.031, 95.783, -0.99472, -0.10073, 0.01957
-1.10544, -0.42100, 1.79777, 90.927, 0.032, 95.793, -0.99476, -0.10092, 0.01618
-1.10111, -0.42172, 1.79763, 90.807, -0.437, 95.807, -0.99476, -0.10127, 0.01408
-1.09660, -0.42242, 1.79750, 90.920, -1.242, 95.823, -0.99468, -0.10179, 0.01605
-1.09191, -0.42311, 1.79737, 90.976, -0.707, 95.846, -0.99463, -0.10205, 0.01703
-1.08697, -0.42377, 1.79720, 90.717, 0.468, 95.881, -0.99467, -0.10235, 0.01252
-1.08178, -0.42439, 1.79701, 90.766, 0.619, 95.926, -0.99458, -0.10308, 0.01337
-1.07637, -0.42499, 1.79682, 90.638, 0.191, 95.975, -0.99451, -0.10406, 0.01113
-1.07080, -0.42560, 1.79664, 91.085, -0.193, 96.024, -0.99429, -0.10499, 0.01894
-1.06518, -0.42622, 1.79651, 90.990, -0.197, 96.065, -0.99425, -0.10570, 0.01728
-1.05959, -0.42688, 1.79643, 91.091, 0.072, 96.094, -0.99417, -0.10612, 0.01905
-1.05408, -0.42757, 1.79641, 90.756, -0.239, 96.110, -0.99423, -0.10649, 0.01319
-1.04870, -0.42837, 1.79641, 90.928, -0.944, 96.118, -0.99415, -0.10683, 0.01620
-1.04346, -0.42933, 1.79641, 91.077, -1.388, 96.123, -0.99407, -0.10710, 0.01879
-1.03828, -0.43041, 1.79641, 90.852, -1.545, 96.125, -0.99414, -0.10708, 0.01486
-1.03304, -0.43149, 1.79641, 91.241, -1.234, 96.125, -0.99401, -0.10714, 0.02166
-1.02760, -0.43245, 1.79641, 90.761, 0.087, 96.125, -0.99421, -0.10668, 0.01328
-1.02184, -0.43318, 1.79641, 91.039, 0.714, 96.127, -0.99415, -0.10650, 0.01813
-1.01571, -0.43361, 1.79641, 91.203, -0.275, 96.132, -0.99405, -0.10690, 0.02099
-1.00923, -0.43375, 1.79641, 90.692, -1.906, 96.140, -0.99415, -0.10735, 0.01207
-1.00240, -0.43371, 1.79642, 91.243, -1.973, 96.153, -0.99393, -0.10790, 0.02169
-0.99519, -0.43359, 1.79644, 90.859, -0.684, 96.172, -0.99407, -0.10768, 0.01499
-0.98760, -0.43341, 1.79649, 91.173, 0.234, 96.196, -0.99396, -0.10783, 0.02048
-0.97970, -0.43318, 1.79656, 91.101, 0.546, 96.223, -0.99394, -0.10819, 0.01921
-0.97161, -0.43295, 1.79666, 90.937, -0.179, 96.248, -0.99392, -0.10886, 0.01636
-0.96351, -0.43276, 1.79678, 91.189, -0.424, 96.267, -0.99379, -0.10930, 0.02075
-0.95552, -0.43264, 1.79692, 91.170, 0.634, 96.279, -0.99382, -0.10913, 0.02041
-0.94772, -0.43260, 1.79707, 90.966, 0.846, 96.283, -0.99388, -0.10918, 0.01687
-0.94012, -0.43275, 1.79722, 90.985, -0.611, 96.260, -0.99387, -0.10920, 0.01719
-0.93265, -0.43318, 1.79739, 90.783, -0.496, 96.189, -0.99407, -0.10792, 0.01366
-0.92527, -0.43387, 1.79759, 91.052, 0.748, 96.078, -0.99424, -0.10563, 0.01835
-0.91787, -0.43471, 1.79780, 90.810, 0.264, 95.943, -0.99453, -0.10346, 0.01413
-0.91034, -0.43556, 1.79803, 90.778, -0.572, 95.807, -0.99476, -0.10131, 0.01358
-0.90259, -0.43626, 1.79828, 90.570, -1.127, 95.696, -0.99499, -0.09944, 0.00994
-0.89455, -0.43672, 1.79853, 90.377, -1.245, 95.626, -0.99515, -0.09817, 0.00657
-0.88623, -0.43690, 1.79879, 90.438, -1.028, 95.602, -0.99518, -0.09775, 0.00764
-0.87765, -0.43692, 1.79907, 90.695, -0.876, 95.613, -0.99511, -0.09798, 0.01214
-0.86880, -0.43694, 1.79936, 90.775, -1.159, 95.644, -0.99503, -0.09862, 0.01353
-0.85967, -0.43694, 1.79968, 90.859, -1.329, 95.694, -0.99492, -0.09956, 0.01499
-0.85031, -0.43694, 1.80001, 90.592, -1.627, 95.755, -0.99488, -0.10056, 0.01032
-0.84082, -0.43694, 1.80034, 90.704, -1.335, 95.816, -0.99475, -0.10161, 0.01228
-0.83129, -0.43695, 1.80066, 90.823, -1.454, 95.866, -0.99462, -0.10255, 0.01437
-0.82183, -0.43697, 1.80096, 90.984, -2.562, 95.898, -0.99448, -0.10350, 0.01715
-0.81250, -0.43699, 1.80124, 91.046, -3.138, 95.908, -0.99442, -0.10391, 0.01822
-0.80326, -0.43714, 1.80151, 91.217, -3.604, 95.882, -0.99437, -0.10378, 0.02120
-0.79406, -0.43752, 1.80176, 91.329, -3.353, 95.803, -0.99447, -0.10243, 0.02316
-0.78487, -0.43810, 1.80200, 91.099, -2.457, 95.678, -0.99483, -0.09974, 0.01917
-0.77567, -0.43879, 1.80222, 91.218, -2.682, 95.527, -0.99503, -0.09728, 0.02124
-0.76640, -0.43948, 1.80244, 91.135, -2.067, 95.375, -0.99534, -0.09437, 0.01980
-0.75705, -0.44005, 1.80266, 91.037, -1.948, 95.251, -0.99558, -0.09212, 0.01809
-0.74760, -0.44041, 1.80287, 91.108, -2.100, 95.172, -0.99568, -0.09083, 0.01932
-0.73804, -0.44052, 1.80309, 90.876, -1.706, 95.145, -0.99581, -0.09013, 0.01528
-0.72836, -0.44042, 1.80332, 91.465, -2.160, 95.154, -0.99554, -0.09076, 0.02555
-0.71849, -0.44009, 1.80355, 91.487, -2.549, 95.179, -0.99548, -0.09139, 0.02593
-0.70848, -0.43954, 1.80379, 91.386, -1.841, 95.219, -0.99549, -0.09172, 0.02418
-0.69839, -0.43879, 1.80402, 91.344, -1.273, 95.268, -0.99545, -0.09231, 0.02345
-0.68831, -0.43793, 1.80424, 91.288, -1.216, 95.317, -0.99540, -0.09312, 0.02247
-0.67834, -0.43704, 1.80444, 91.734, -1.141, 95.357, -0.99512, -0.09392, 0.03025
-0.66855, -0.43620, 1.80462, 91.791, -1.454, 95.382, -0.99503, -0.09455, 0.03124
-0.65895, -0.43545, 1.80479, 91.677, -1.384, 95.391, -0.99508, -0.09461, 0.02925
-0.64958, -0.43477, 1.80493, 91.699, -0.364, 95.390, -0.99512, -0.09408, 0.02964
-0.64046, -0.43407, 1.80505, 91.561, 0.574, 95.387, -0.99524, -0.09358, 0.02724
-0.63155, -0.43335, 1.80513, 91.785, 0.237, 95.383, -0.99512, -0.09364, 0.03115
-0.62275, -0.43262, 1.80520, 91.583, -0.855, 95.376, -0.99518, -0.09407, 0.02762
-0.61390, -0.43188, 1.80528, 92.076, -0.301, 95.369, -0.99494, -0.09369, 0.03622
-0.60488, -0.43111, 1.80536, 91.745, 0.186, 95.360, -0.99517, -0.09328, 0.03045
-0.59559, -0.43033, 1.80547, 91.717, -0.554, 95.352, -0.99517, -0.09352, 0.02996
-0.58600, -0.42954, 1.80561, 92.037, -0.416, 95.344, -0.99500, -0.09333, 0.03555
-0.57617, -0.42874, 1.80577, 91.825, -0.431, 95.338, -0.99514, -0.09322, 0.03185
-0.56612, -0.42791, 1.80595, 92.141, -1.784, 95.333, -0.99487, -0.09404, 0.03734
-0.55586, -0.42706, 1.80615, 92.423, -2.948, 95.330, -0.99458, -0.09497, 0.04223
-0.54542, -0.42620, 1.80636, 91.955, -2.770, 95.326, -0.99495, -0.09441, 0.03407
-0.53485, -0.42532, 1.80658, 92.128, -2.422, 95.319, -0.99486, -0.09420, 0.03709
-0.52425, -0.42446, 1.80681, 92.064, -2.412, 95.307, -0.99493, -0.09395, 0.03599
-0.51368, -0.42360, 1.80703, 92.157, -2.636, 95.291, -0.99487, -0.09387, 0.03760
-0.50320, -0.42275, 1.80724, 92.023, -2.905, 95.269, -0.99499, -0.09356, 0.03525
-0.49276, -0.42190, 1.80745, 92.464, -3.082, 95.241, -0.99469, -0.09357, 0.04294
-0.48230, -0.42103, 1.80764, 92.496, -3.003, 95.204, -0.99473, -0.09289, 0.04349
-0.47181, -0.42015, 1.80783, 92.384, -3.182, 95.160, -0.99488, -0.09215, 0.04153
-0.46129, -0.41927, 1.80802, 92.536, -3.001, 95.110, -0.99484, -0.09128, 0.04419
-0.45076, -0.41842, 1.80823, 92.689, -2.291, 95.059, -0.99484, -0.08995, 0.04687
-0.44021, -0.41761, 1.80845, 92.541, -1.608, 95.012, -0.99509, -0.08851, 0.04432
-0.42965, -0.41686, 1.80869, 92.422, -1.405, 94.971, -0.99526, -0.08760, 0.04225
-0.41910, -0.41617, 1.80896, 92.454, -1.682, 94.938, -0.99527, -0.08725, 0.04280
-0.40857, -0.41558, 1.80925, 92.715, -1.546, 94.912, -0.99510, -0.08680, 0.04735
-0.39808, -0.41513, 1.80956, 92.204, -0.951, 94.892, -0.99557, -0.08585, 0.03845
-0.38762, -0.41479, 1.80989, 92.381, -1.056, 94.877, -0.99545, -0.08571, 0.04154
-0.37713, -0.41449, 1.81024, 92.197, -1.565, 94.866, -0.99557, -0.08581, 0.03832
-0.36659, -0.41414, 1.81060, 92.081, -2.494, 94.856, -0.99562, -0.08617, 0.03628
-0.35595, -0.41363, 1.81097, 92.084, -3.831, 94.843, -0.99557, -0.08680, 0.03628
-0.34520, -0.41294, 1.81133, 92.294, -3.952, 94.826, -0.99542, -0.08682, 0.03992
-0.33435, -0.41203, 1.81168, 92.061, -2.542, 94.804, -0.99571, -0.08529, 0.03592
-0.32334, -0.41093, 1.81202, 92.139, -2.384, 94.778, -0.99570, -0.08479, 0.03729
-0.31211, -0.40965, 1.81237, 92.529, -3.474, 94.749, -0.99538, -0.08537, 0.04405
-0.30071, -0.40818, 1.81271, 92.259, -3.635, 94.716, -0.99563, -0.08465, 0.03934
-0.28923, -0.40657, 1.81306, 92.252, -2.807, 94.681, -0.99574, -0.08347, 0.03924
-0.27779, -0.40488, 1.81341, 92.376, -2.768, 96.144, -0.99319, -0.10893, 0.04141
-0.26651, -0.40318, 1.81377, 92.574, -3.186, 97.573, -0.98995, -0.13413, 0.04484
-0.25548, -0.40155, 1.81412, 92.592, -3.460, 98.959, -0.98636, -0.15826, 0.04515
-0.24470, -0.40002, 1.81448, 92.156, -3.680, 100.291, -0.98279, -0.18089, 0.03754
-0.23423, -0.39854, 1.81484, 92.391, -4.057, 101.557, -0.97828, -0.20305, 0.04162
-0.22409, -0.39707, 1.81519, 92.489, -4.126, 102.744, -0.97376, -0.22343, 0.04332
-0.21424, -0.39561, 1.81554, 92.479, -3.764, 103.844, -0.96936, -0.24181, 0.04316
-0.20455, -0.39415, 1.81589, 92.654, -3.593, 104.848, -0.96483, -0.25879, 0.04621
-0.19483, -0.39270, 1.81625, 92.195, -4.650, 105.749, -0.96091, -0.27421, 0.03817
-0.18490, -0.39126, 1.81663, 92.374, -4.815, 106.539, -0.95681, -0.28776, 0.04127
-0.17463, -0.38982, 1.81702, 92.227, -3.576, 107.211, -0.95378, -0.29798, 0.03878
-0.16400, -0.38840, 1.81742, 92.225, -3.583, 107.756, -0.95090, -0.30705, 0.03876
-0.15308, -0.38699, 1.81784, 92.607, -4.424, 108.170, -0.94806, -0.31485, 0.04536
-0.14192, -0.38561, 1.81827, 92.459, -4.157, 108.446, -0.94676, -0.31908, 0.04279
-0.13052, -0.38426, 1.81872, 92.272, -3.378, 108.579, -0.94640, -0.32057, 0.03957
-0.11890, -0.38291, 1.81919, 92.360, -4.005, 107.665, -0.95116, -0.30594, 0.04107
-0.10711, -0.38155, 1.81966, 92.334, -4.888, 106.718, -0.95594, -0.29075, 0.04058
-0.09525, -0.38014, 1.82012, 92.301, -4.639, 105.736, -0.96086, -0.27412, 0.04002
-0.08340, -0.37869, 1.82058, 92.857, -3.909, 104.720, -0.96512, -0.25706, 0.04972
-0.07160, -0.37719, 1.82102, 92.926, -3.731, 103.670, -0.96962, -0.23924, 0.05094
-0.05977, -0.37564, 1.82145, 92.824, -3.475, 102.588, -0.97413, -0.22058, 0.04918
-0.04780, -0.37404, 1.82188, 93.204, -3.589, 101.474, -0.97779, -0.20204, 0.05577
-0.03572, -0.37239, 1.82229, 93.207, -4.932, 100.332, -0.98138, -0.18380, 0.05573
-0.02359, -0.37071, 1.82271, 93.393, -5.439, 99.167, -0.98460, -0.16457, 0.05892
-0.01147, -0.36900, 1.82312, 93.144, -3.958, 97.986, -0.98829, -0.14247, 0.05472
0.00054, -0.36730, 1.82353, 93.283, -2.543, 96.796, -0.99104, -0.12067, 0.05722
0.01240, -0.36562, 1.82395, 93.262, -2.699, 95.605, -0.99334, -0.10018, 0.05685
0.02410, -0.36397, 1.82438, 93.440, -3.779, 94.417, -0.99493, -0.08082, 0.05988
0.03568, -0.36234, 1.82482, 93.723, -4.066, 93.229, -0.99605, -0.06081, 0.06477
0.04719, -0.36071, 1.82527, 93.553, -3.595, 92.039, -0.99731, -0.03939, 0.06185
0.05860, -0.35910, 1.82573, 93.295, -2.964, 90.852, -0.99819, -0.01782, 0.05741
0.06990, -0.35748, 1.82619, 93.678, -2.675, 89.675, -0.99794, 0.00267, 0.06407
0.08109, -0.35587, 1.82665, 93.432, -3.119, 88.515, -0.99796, 0.02261, 0.05978
0.09219, -0.35426, 1.82709, 93.268, -3.001, 87.378, -0.99746, 0.04270, 0.05693
0.10324, -0.35265, 1.82750, 93.422, -2.370, 86.267, -0.99626, 0.06252, 0.05964
0.11425, -0.35103, 1.82789, 93.683, -2.439, 85.186, -0.99464, 0.08102, 0.06417
0.12524, -0.34943, 1.82830, 93.454, -2.610, 84.132, -0.99323, 0.09931, 0.06019
0.13621, -0.34786, 1.82874, 93.447, -3.095, 83.107, -0.99136, 0.11658, 0.06004
0.14713, -0.34629, 1.82919, 93.558, -3.829, 82.111, -0.98920, 0.13288, 0.06192
0.15795, -0.34473, 1.82963, 93.691, -4.078, 81.148, -0.98675, 0.14903, 0.06422
0.16867, -0.34314, 1.82999, 93.242, -4.063, 80.668, -0.98583, 0.15795, 0.05642
0.17925, -0.34150, 1.83026, 93.236, -4.107, 80.283, -0.98476, 0.16453, 0.05630
0.18972, -0.33981, 1.83042, 93.156, -2.999, 79.992, -0.98379, 0.17069, 0.05497
0.20010, -0.33807, 1.83047, 93.596, -1.868, 79.792, -0.98260, 0.17486, 0.06269
0.21036, -0.33625, 1.83046, 93.670, -1.644, 79.684, -0.98215, 0.17689, 0.06399
0.22048, -0.33434, 1.83044, 93.349, -2.648, 79.671, -0.98260, 0.17635, 0.05835
0.23044, -0.33237, 1.83040, 93.658, -3.925, 79.746, -0.98280, 0.17336, 0.06365
0.24029, -0.33034, 1.83035, 93.586, -4.254, 79.903, -0.98340, 0.17040, 0.06238
0.25007, -0.32833, 1.83030, 93.382, -3.758, 80.135, -0.98416, 0.16722, 0.05887
0.25985, -0.32636, 1.83027, 93.632, -4.129, 80.433, -0.98487, 0.16136, 0.06319
0.26969, -0.32446, 1.83024, 93.181, -3.768, 80.792, -0.98618, 0.15618, 0.05537
0.27960, -0.32266, 1.83023, 93.390, -2.961, 81.205, -0.98698, 0.14961, 0.05905
0.28946, -0.32095, 1.83025, 93.561, -3.937, 81.651, -0.98811, 0.14070, 0.06196
0.29916, -0.31932, 1.83032, 93.608, -4.783, 82.106, -0.98928, 0.13188, 0.06272
0.30876, -0.31776, 1.83042, 93.421, -4.165, 82.571, -0.99040, 0.12478, 0.05952
0.31838, -0.31626, 1.83054, 93.363, -4.204, 83.057, -0.99148, 0.11640, 0.05850
0.32817, -0.31476, 1.83066, 93.425, -4.575, 83.585, -0.99250, 0.10680, 0.05955
0.33825, -0.31323, 1.83076, 92.916, -4.117, 84.173, -0.99392, 0.09776, 0.05073
0.34868, -0.31163, 1.83082, 93.094, -2.821, 84.832, -0.99472, 0.08730, 0.05391
0.35945, -0.30995, 1.83084, 93.094, -2.087, 85.563, -0.99570, 0.07529, 0.05394
0.37061, -0.30835, 1.83084, 92.919, -2.174, 86.365, -0.99682, 0.06140, 0.05089
0.38222, -0.30696, 1.83084, 92.925, -2.256, 87.234, -0.99763, 0.04619, 0.05099
0.39423, -0.30567, 1.83084, 93.504, -2.599, 88.161, -0.99771, 0.02926, 0.06106
0.40653, -0.30432, 1.83083, 93.308, -3.397, 89.123, -0.99827, 0.01186, 0.05761
0.41889, -0.30271, 1.83081, 93.847, -3.881, 90.090, -0.99774, -0.00610, 0.06693
0.43111, -0.30069, 1.83078, 93.853, -3.788, 91.028, -0.99750, -0.02233, 0.06705
0.44302, -0.29817, 1.83075, 94.547, -3.803, 91.912, -0.99612, -0.03852, 0.07910
0.45455, -0.29517, 1.83071, 94.278, -3.987, 92.730, -0.99583, -0.05267, 0.07442
0.46579, -0.29159, 1.83060, 94.505, -3.229, 93.492, -0.99479, -0.06514, 0.07843
0.47683, -0.28729, 1.83035, 94.671, -2.748, 94.213, -0.99370, -0.07711, 0.08133
0.48766, -0.28236, 1.82995, 94.545, -2.985, 94.237, -0.99383, -0.07777, 0.07913
0.49833, -0.27704, 1.82944, 94.773, -2.316, 94.253, -0.99354, -0.07725, 0.08314
0.50891, -0.27167, 1.82887, 94.519, -0.657, 94.262, -0.99407, -0.07498, 0.07879
0.51948, -0.26663, 1.82829, 94.751, 0.924, 94.268, -0.99390, -0.07284, 0.08282
0.53011, -0.26217, 1.82776, 94.829, 1.366, 94.276, -0.99383, -0.07229, 0.08416
0.54085, -0.25838, 1.82731, 95.064, 0.121, 94.286, -0.99333, -0.07426, 0.08826
0.55167, -0.25506, 1.82692, 94.777, -1.065, 94.298, -0.99361, -0.07623, 0.08326
0.56255, -0.25205, 1.82654, 94.872, -1.591, 94.308, -0.99339, -0.07721, 0.08490
0.57345, -0.24938, 1.82617, 94.752, -0.858, 94.317, -0.99364, -0.07625, 0.08284
0.58435, -0.24708, 1.82581, 94.931, 0.141, 94.324, -0.99348, -0.07490, 0.08595
0.59521, -0.24509, 1.82545, 94.832, 0.398, 94.328, -0.99365, -0.07462, 0.08424
0.60600, -0.24332, 1.82506, 94.819, 0.035, 94.331, -0.99362, -0.07519, 0.08401
0.61670, -0.24166, 1.82464, 94.818, -0.107, 94.332, -0.99361, -0.07542, 0.08400
0.62730, -0.24004, 1.82420, 94.770, -0.389, 94.332, -0.99365, -0.07584, 0.08315
0.63791, -0.23859, 1.82373, 94.608, 0.595, 94.311, -0.99401, -0.07410, 0.08033
0.64858, -0.23749, 1.82323, 95.166, 1.719, 94.247, -0.99340, -0.07107, 0.08999
0.65925, -0.23669, 1.82269, 94.703, 1.046, 94.144, -0.99414, -0.07053, 0.08198
0.66983, -0.23609, 1.82214, 95.150, 0.940, 94.014, -0.99362, -0.06825, 0.08975
0.68023, -0.23549, 1.82159, 95.072, 0.133, 93.877, -0.99382, -0.06714, 0.08841
0.69036, -0.23474, 1.82105, 94.897, -0.890, 93.753, -0.99413, -0.06653, 0.08535
0.70022, -0.23370, 1.82053, 95.166, -0.186, 93.657, -0.99389, -0.06381, 0.09004
0.70980, -0.23233, 1.82005, 95.028, 0.177, 93.596, -0.99421, -0.06220, 0.08765
0.71915, -0.23062, 1.81958, 94.902, 0.322, 93.555, -0.99446, -0.06131, 0.08544
0.72824, -0.22857, 1.81910, 95.142, 0.548, 93.522, -0.99415, -0.06032, 0.08962
0.73705, -0.22625, 1.81863, 94.893, 0.407, 93.496, -0.99454, -0.06015, 0.08530
0.74561, -0.22376, 1.81818, 94.833, -0.060, 93.478, -0.99460, -0.06054, 0.08425
0.75396, -0.22128, 1.81775, 94.815, -0.042, 93.468, -0.99464, -0.06034, 0.08394
0.76221, -0.21898, 1.81737, 94.597, 0.124, 93.463, -0.99497, -0.06004, 0.08014
0.77043, -0.21699, 1.81702, 94.500, -0.077, 93.462, -0.99509, -0.06030, 0.07846
0.77870, -0.21535, 1.81671, 94.627, -0.711, 93.461, -0.99486, -0.06118, 0.08066
0.78694, -0.21403, 1.81643, 95.046, -0.914, 93.474, -0.99421, -0.06177, 0.08795
0.79505, -0.21302, 1.81621, 94.561, -0.723, 93.513, -0.99490, -0.06208, 0.07952
0.80304, -0.21229, 1.81603, 94.862, -1.192, 93.574, -0.99435, -0.06387, 0.08474
0.81094, -0.21174, 1.81589, 94.785, -1.705, 93.648, -0.99434, -0.06588, 0.08338
0.81880, -0.21125, 1.81577, 94.690, -0.613, 93.722, -0.99449, -0.06556, 0.08177
0.82668, -0.21065, 1.81564, 94.863, 0.174, 93.782, -0.99425, -0.06547, 0.08478
0.83462, -0.20984, 1.81548, 94.692, -0.423, 93.821, -0.99439, -0.06702, 0.08180
0.84265, -0.20876, 1.81530, 94.740, -0.323, 93.834, -0.99432, -0.06710, 0.08263
0.85078, -0.20748, 1.81509, 94.830, -0.432, 93.827, -0.99418, -0.06714, 0.08421
0.85902, -0.20602, 1.81486, 94.845, -0.633, 93.806, -0.99417, -0.06707, 0.08445
0.86733, -0.20442, 1.81461, 94.934, -0.522, 93.771, -0.99409, -0.06630, 0.08600
0.87566, -0.20269, 1.81436, 94.962, -0.799, 93.725, -0.99407, -0.06593, 0.08649
0.88393, -0.20093, 1.81411, 94.854, -0.617, 93.673, -0.99431, -0.06474, 0.08461
0.89209, -0.19919, 1.81389, 94.768, -0.624, 93.622, -0.99449, -0.06386, 0.08311
0.90010, -0.19755, 1.81369, 94.980, -0.622, 93.577, -0.99423, -0.06309, 0.08681
0.90795, -0.19602, 1.81352, 94.912, 0.003, 93.540, -0.99443, -0.06151, 0.08563
0.91572, -0.19458, 1.81338, 94.967, 0.129, 93.508, -0.99439, -0.06077, 0.08658
0.92348, -0.19318, 1.81328, 94.878, 0.114, 93.479, -0.99455, -0.06030, 0.08504
0.93116, -0.19182, 1.81321, 94.951, 0.473, 93.452, -0.99450, -0.05928, 0.08630
0.93871, -0.19050, 1.81316, 94.942, 0.508, 93.426, -0.99455, -0.05878, 0.08614
0.94608, -0.18921, 1.81311, 95.156, 0.337, 93.401, -0.99423, -0.05855, 0.08987
0.95325, -0.18793, 1.81304, 95.071, 0.575, 93.373, -0.99441, -0.05773, 0.08838
0.96023, -0.18664, 1.81296, 95.179, 0.764, 93.344, -0.99429, -0.05690, 0.09026
0.96705, -0.18534, 1.81284, 95.142, 0.720, 93.313, -0.99438, -0.05643, 0.08962
0.97376, -0.18401, 1.81269, 95.025, 0.550, 93.279, -0.99457, -0.05614, 0.08759
0.98039, -0.18264, 1.81252, 95.154, 0.562, 93.241, -0.99441, -0.05544, 0.08982
0.98686, -0.18125, 1.81232, 95.002, 0.776, 93.202, -0.99470, -0.05446, 0.08718
0.99313, -0.17988, 1.81211, 95.085, 0.765, 93.161, -0.99461, -0.05374, 0.08862
0.99915, -0.17855, 1.81190, 95.115, 0.775, 93.120, -0.99461, -0.05301, 0.08915
1.00491, -0.17731, 1.81170, 95.036, 0.956, 93.083, -0.99478, -0.05211, 0.08776
1.01047, -0.17616, 1.81154, 95.023, 1.008, 93.049, -0.99483, -0.05144, 0.08754
1.01585, -0.17510, 1.81140, 95.009, 0.991, 93.019, -0.99488, -0.05095, 0.08730
1.02150, -0.17406, 1.81129, 94.990, 0.935, 92.990, -0.99493, -0.05055, 0.08697
1.02769, -0.17298, 1.81118, 94.968, 0.789, 92.961, -0.99497, -0.05027, 0.08659
1.03409, -0.17192, 1.81109, 94.923, 0.726, 92.933, -0.99506, -0.04989, 0.08581
1.04017, -0.17096, 1.81102, 94.863, 0.778, 92.908, -0.99518, -0.04939, 0.08477
1.04534, -0.17016, 1.81097, 94.832, 0.802, 92.887, -0.99524, -0.04902, 0.08422
1.04913, -0.16960, 1.81094, 94.838, 0.826, 92.873, -0.99525, -0.04873, 0.08433
1.05135, -0.16928, 1.81093, 94.810, 0.872, 92.865, -0.99530, -0.04853, 0.08385
1.05205, -0.16918, 1.81092, 94.807, 0.886, 92.863, -0.99530, -0.04847, 0.08378
