2.00000, 2.37000, 2.10000, 85.000, 0.000, 90.000, -0.99619, -0.00000, -0.08716
1.99130, 2.37131, 2.09965, 84.984, 0.011, 90.026, -0.99617, -0.00047, -0.08744
1.97180, 2.37420, 2.09900, 84.968, 0.092, 90.069, -0.99614, -0.00133, -0.08772
1.94957, 2.37746, 2.09845, 85.032, 0.289, 90.087, -0.99624, -0.00195, -0.08660
1.92620, 2.38080, 2.09800, 85.096, 0.514, 90.112, -0.99634, -0.00271, -0.08548
1.90754, 2.38324, 2.09781, 85.070, 0.680, 90.166, -0.99629, -0.00391, -0.08592
1.89020, 2.38560, 2.09770, 85.027, 0.750, 90.225, -0.99622, -0.00504, -0.08668
1.87353, 2.38842, 2.09745, 84.990, 0.733, 90.263, -0.99616, -0.00570, -0.08732
1.85360, 2.39160, 2.09730, 84.972, 0.716, 90.299, -0.99613, -0.00629, -0.08764
1.82516, 2.39520, 2.09730, 85.050, 0.764, 90.356, -0.99624, -0.00735, -0.08628
1.79540, 2.39880, 2.09730, 85.167, 0.573, 90.390, -0.99642, -0.00762, -0.08425
1.77181, 2.40189, 2.09715, 85.221, 0.158, 90.375, -0.99650, -0.00676, -0.08332
1.74980, 2.40480, 2.09690, 85.236, 0.908, 90.361, -0.99652, -0.00759, -0.08305
1.72799, 2.40762, 2.09676, 85.220, 0.983, 90.399, -0.99649, -0.00836, -0.08331
1.70240, 2.41080, 2.09660, 85.205, 1.058, 90.474, -0.99645, -0.00978, -0.08358
1.66745, 2.41500, 2.09636, 85.206, 0.908, 90.535, -0.99645, -0.01063, -0.08357
1.63100, 2.41920, 2.09610, 85.213, 0.260, 90.618, -0.99645, -0.01113, -0.08345
1.60145, 2.42224, 2.09581, 85.241, 0.500, 90.730, -0.99646, -0.01343, -0.08296
1.57340, 2.42520, 2.09560, 85.283, 0.284, 90.880, -0.99649, -0.01571, -0.08223
1.54486, 2.42879, 2.09553, 85.308, 0.693, 91.063, -0.99646, -0.01948, -0.08179
1.51220, 2.43300, 2.09550, 85.348, 0.755, 91.280, -0.99643, -0.02333, -0.08110
1.46961, 2.43779, 2.09538, 85.446, -0.032, 91.526, -0.99649, -0.02651, -0.07940
1.42640, 2.44320, 2.09530, 85.514, 1.421, 91.767, -0.99640, -0.03269, -0.07820
1.39225, 2.44898, 2.09533, 85.518, 1.371, 92.010, -0.99626, -0.03683, -0.07813
1.36100, 2.45520, 2.09540, 85.518, 1.333, 92.131, -0.99619, -0.03888, -0.07812
1.33002, 2.46114, 2.09548, 85.465, 0.458, 92.135, -0.99615, -0.03777, -0.07907
1.29500, 2.46840, 2.09560, 85.411, -0.265, 92.136, -0.99612, -0.03678, -0.08000
1.24890, 2.47864, 2.09581, 85.444, 0.775, 92.057, -0.99616, -0.03685, -0.07942
1.20200, 2.48940, 2.09600, 85.493, -0.480, 91.978, -0.99634, -0.03375, -0.07857
1.16459, 2.49802, 2.09606, 85.517, 0.085, 91.978, -0.99634, -0.03453, -0.07816
1.13060, 2.50620, 2.09610, 85.525, -0.643, 91.981, -0.99639, -0.03358, -0.07803
1.09738, 2.51463, 2.09623, 85.493, 0.743, 92.025, -0.99625, -0.03625, -0.07858
1.06100, 2.52420, 2.09640, 85.441, -0.038, 92.068, -0.99619, -0.03591, -0.07948
1.01472, 2.53646, 2.09661, 85.406, -0.651, 91.955, -0.99624, -0.03309, -0.08010
0.96800, 2.54880, 2.09680, 85.390, -0.475, 91.763, -0.99631, -0.03001, -0.08037
0.93016, 2.55850, 2.09691, 85.425, 0.037, 91.631, -0.99641, -0.02843, -0.07976
0.89540, 2.56740, 2.09700, 85.461, -0.514, 91.530, -0.99653, -0.02591, -0.07914
0.86120, 2.57665, 2.09713, 85.420, -0.347, 91.461, -0.99649, -0.02493, -0.07986
0.82340, 2.58660, 2.09720, 85.378, -0.719, 91.439, -0.99646, -0.02403, -0.08057
0.77493, 2.59843, 2.09720, 85.387, -0.508, 91.466, -0.99645, -0.02480, -0.08042
0.72620, 2.61000, 2.09720, 85.410, -0.909, 91.493, -0.99649, -0.02471, -0.08002
0.68746, 2.61910, 2.09706, 85.448, -1.512, 91.464, -0.99657, -0.02338, -0.07934
0.65240, 2.62740, 2.09680, 85.472, -0.353, 91.408, -0.99659, -0.02401, -0.07895
0.61820, 2.63605, 2.09661, 85.459, -1.232, 91.361, -0.99662, -0.02198, -0.07915
0.58040, 2.64540, 2.09640, 85.446, -0.532, 91.307, -0.99660, -0.02200, -0.07939
0.53138, 2.65681, 2.09614, 85.452, -0.355, 91.224, -0.99663, -0.02080, -0.07929
0.48200, 2.66760, 2.09590, 85.466, -0.685, 91.175, -0.99668, -0.01949, -0.07905
0.44291, 2.67520, 2.09575, 85.483, -0.497, 91.203, -0.99669, -0.02024, -0.07875
0.40760, 2.68140, 2.09570, 85.494, -0.960, 91.270, -0.99669, -0.02078, -0.07856
0.37306, 2.68779, 2.09575, 85.485, -0.134, 91.355, -0.99662, -0.02339, -0.07872
0.33500, 2.69400, 2.09600, 85.476, -0.416, 91.443, -0.99658, -0.02454, -0.07887
0.28620, 2.70056, 2.09643, 85.549, -0.301, 91.509, -0.99665, -0.02585, -0.07761
0.23660, 2.70660, 2.09700, 85.668, -0.685, 91.567, -0.99679, -0.02636, -0.07554
0.19597, 2.71141, 2.09765, 85.739, -0.232, 91.643, -0.99683, -0.02830, -0.07429
0.15860, 2.71560, 2.09830, 85.789, -0.579, 91.685, -0.99689, -0.02858, -0.07342
0.12243, 2.71962, 2.09877, 85.810, -0.477, 91.681, -0.99692, -0.02865, -0.07305
0.08240, 2.72400, 2.09930, 85.832, -0.240, 91.654, -0.99695, -0.02848, -0.07268
0.03051, 2.72996, 2.10011, 85.888, -0.612, 91.574, -0.99707, -0.02663, -0.07171
-0.02200, 2.73540, 2.10100, 85.953, -0.177, 91.481, -0.99718, -0.02556, -0.07057
-0.06387, 2.73815, 2.10181, 86.007, 0.073, 91.435, -0.99726, -0.02508, -0.06964
-0.10240, 2.74020, 2.10250, 86.066, -0.014, 91.400, -0.99735, -0.02437, -0.06861
-0.14105, 2.74354, 2.10291, 86.143, -0.039, 91.337, -0.99746, -0.02323, -0.06727
-0.18400, 2.74680, 2.10340, 86.223, -0.303, 91.300, -0.99758, -0.02229, -0.06588
-0.23881, 2.74912, 2.10443, 86.289, 0.035, 91.313, -0.99764, -0.02290, -0.06473
-0.29380, 2.75100, 2.10550, 86.357, -0.113, 91.326, -0.99771, -0.02297, -0.06355
-0.33731, 2.75298, 2.10614, 86.441, -0.100, 91.283, -0.99782, -0.02224, -0.06207
-0.37660, 2.75460, 2.10670, 86.526, 0.018, 91.200, -0.99794, -0.02092, -0.06060
-0.41508, 2.75568, 2.10744, 86.594, 0.192, 91.103, -0.99805, -0.01941, -0.05940
-0.45760, 2.75640, 2.10830, 86.659, 0.080, 91.046, -0.99813, -0.01831, -0.05828
-0.51271, 2.75722, 2.10934, 86.735, 0.237, 91.052, -0.99820, -0.01856, -0.05695
-0.56800, 2.75760, 2.11030, 86.802, 0.291, 91.057, -0.99827, -0.01870, -0.05579
-0.61121, 2.75760, 2.11089, 86.842, 0.262, 91.048, -0.99831, -0.01851, -0.05509
-0.65020, 2.75760, 2.11140, 86.873, 0.301, 91.039, -0.99834, -0.01840, -0.05455
-0.68902, 2.75718, 2.11208, 86.906, 0.345, 91.053, -0.99837, -0.01868, -0.05398
-0.73180, 2.75580, 2.11290, 86.953, 0.395, 91.067, -0.99841, -0.01897, -0.05316
-0.78622, 2.75349, 2.11393, 87.028, 0.414, 91.065, -0.99848, -0.01894, -0.05185
-0.84100, 2.75100, 2.11490, 87.118, 0.430, 91.052, -0.99856, -0.01872, -0.05027
-0.88480, 2.74959, 2.11549, 87.234, 0.467, 90.969, -0.99869, -0.01729, -0.04825
-0.92500, 2.74800, 2.11600, 87.300, 0.502, 90.879, -0.99877, -0.01573, -0.04711
-0.96510, 2.74544, 2.11679, 87.244, 0.522, 90.866, -0.99872, -0.01553, -0.04808
-1.00960, 2.74200, 2.11750, 87.168, 0.528, 90.853, -0.99866, -0.01532, -0.04941
-1.06620, 2.73754, 2.11790, 87.143, 0.487, 90.728, -0.99867, -0.01311, -0.04984
-1.12360, 2.73300, 2.11800, 87.140, 0.447, 90.622, -0.99869, -0.01123, -0.04990
-1.17058, 2.72948, 2.11800, 87.180, 0.500, 90.641, -0.99872, -0.01159, -0.04920
-1.21360, 2.72640, 2.11800, 87.220, 0.615, 90.659, -0.99875, -0.01202, -0.04850
-1.25504, 2.72362, 2.11781, 87.177, 0.735, 90.516, -0.99874, -0.00963, -0.04925
-1.30060, 2.72040, 2.11750, 87.133, 0.870, 90.265, -0.99873, -0.00538, -0.05000
-1.35948, 2.71586, 2.11729, 87.135, 1.031, 90.093, -0.99875, -0.00251, -0.04998
-1.41880, 2.71080, 2.11720, 87.145, 1.137, 89.925, -0.99876, 0.00031, -0.04980
-1.46578, 2.70604, 2.11733, 87.171, 1.163, 89.752, -0.99878, 0.00332, -0.04935
-1.50880, 2.70120, 2.11760, 87.209, 1.167, 89.567, -0.99879, 0.00655, -0.04868
-1.55212, 2.69650, 2.11782, 87.254, 1.142, 89.374, -0.99880, 0.00995, -0.04789
-1.60000, 2.69100, 2.11810, 87.295, 0.987, 89.150, -0.99879, 0.01401, -0.04718
-1.66056, 2.68346, 2.11851, 87.313, 0.654, 88.869, -0.99872, 0.01918, -0.04688
-1.72120, 2.67600, 2.11890, 87.333, 0.273, 88.577, -0.99861, 0.02458, -0.04652
-1.76982, 2.67072, 2.11909, 87.397, -0.021, 88.318, -0.99854, 0.02934, -0.04541
-1.81300, 2.66640, 2.11920, 87.440, -0.232, 88.084, -0.99844, 0.03358, -0.04467
-1.85346, 2.66242, 2.11934, 87.403, -0.350, 87.853, -0.99826, 0.03771, -0.04532
-1.89700, 2.65800, 2.11940, 87.365, -0.373, 87.687, -0.99812, 0.04061, -0.04596
-1.95336, 2.65174, 2.11930, 87.401, -0.325, 87.613, -0.99809, 0.04187, -0.04534
-2.00980, 2.64540, 2.11920, 87.437, -0.247, 87.602, -0.99812, 0.04199, -0.04472
-2.05430, 2.64064, 2.11920, 87.401, -0.204, 87.634, -0.99811, 0.04139, -0.04534
-2.09440, 2.63640, 2.11920, 87.347, -0.164, 87.720, -0.99813, 0.03987, -0.04628
-2.13343, 2.63181, 2.11910, 87.319, -0.112, 87.839, -0.99819, 0.03775, -0.04677
-2.17720, 2.62740, 2.11900, 87.310, -0.051, 87.969, -0.99827, 0.03545, -0.04694
-2.23517, 2.62310, 2.11915, 87.353, 0.044, 88.095, -0.99838, 0.03317, -0.04619
-2.29420, 2.61960, 2.11930, 87.422, 0.101, 88.157, -0.99847, 0.03205, -0.04498
-2.34100, 2.61736, 2.11920, 87.460, 0.078, 88.118, -0.99848, 0.03275, -0.04432
-2.38420, 2.61600, 2.11910, 87.492, 0.038, 88.078, -0.99848, 0.03347, -0.04377
-2.42807, 2.61492, 2.11910, 87.531, 0.007, 88.079, -0.99851, 0.03349, -0.04307
-2.47660, 2.61420, 2.11910, 87.564, -0.008, 88.082, -0.99854, 0.03344, -0.04250
-2.53737, 2.61356, 2.11920, 87.582, 0.016, 88.149, -0.99859, 0.03227, -0.04219
-2.59840, 2.61300, 2.11930, 87.585, 0.057, 88.256, -0.99865, 0.03036, -0.04213
-2.64734, 2.61222, 2.11926, 87.560, 0.089, 88.324, -0.99867, 0.02915, -0.04257
-2.69260, 2.61180, 2.11910, 87.535, 0.106, 88.382, -0.99868, 0.02813, -0.04302
-2.73818, 2.61217, 2.11892, 87.535, 0.107, 88.424, -0.99870, 0.02739, -0.04301
-2.78920, 2.61360, 2.11850, 87.536, 0.107, 88.484, -0.99873, 0.02634, -0.04300
-2.85464, 2.61599, 2.11763, 87.536, 0.068, 88.612, -0.99878, 0.02416, -0.04298
-2.92060, 2.61900, 2.11660, 87.537, 0.028, 88.732, -0.99883, 0.02209, -0.04297
-2.97281, 2.62200, 2.11576, 87.520, 0.064, 88.767, -0.99883, 0.02145, -0.04327
-3.02080, 2.62500, 2.11490, 87.503, 0.108, 88.791, -0.99883, 0.02100, -0.04357
-3.06938, 2.62744, 2.11398, 87.537, 0.119, 88.865, -0.99888, 0.01969, -0.04298
-3.12340, 2.63040, 2.11290, 87.571, 0.121, 88.958, -0.99894, 0.01809, -0.04238
-3.19201, 2.63502, 2.11149, 87.569, 0.088, 89.047, -0.99896, 0.01655, -0.04241
-3.26080, 2.64000, 2.11010, 87.565, 0.019, 89.138, -0.99898, 0.01501, -0.04249
-3.31529, 2.64377, 2.10913, 87.557, -0.058, 89.231, -0.99900, 0.01346, -0.04262
-3.36460, 2.64780, 2.10830, 87.546, -0.124, 89.314, -0.99901, 0.01206, -0.04281
-3.41340, 2.65288, 2.10738, 87.539, -0.152, 89.382, -0.99902, 0.01088, -0.04293
-3.46660, 2.65920, 2.10650, 87.518, -0.156, 89.431, -0.99901, 0.01004, -0.04331
-3.53390, 2.66686, 2.10571, 87.361, -0.045, 89.461, -0.99889, 0.00943, -0.04605
-3.60040, 2.67540, 2.10500, 87.155, 0.135, 89.469, -0.99873, 0.00914, -0.04964
-3.65120, 2.68441, 2.10441, 87.074, 0.262, 89.456, -0.99865, 0.00924, -0.05104
-3.69700, 2.69280, 2.10380, 87.035, 0.320, 89.443, -0.99862, 0.00941, -0.05172
-3.74412, 2.69862, 2.10304, 86.996, 0.248, 89.457, -0.99858, 0.00925, -0.05241
-3.79660, 2.70480, 2.10220, 86.958, 0.128, 89.482, -0.99855, 0.00891, -0.05307
-3.86346, 2.71461, 2.10134, 86.903, 0.035, 89.512, -0.99850, 0.00847, -0.05403
-3.92980, 2.72460, 2.10050, 86.848, -0.010, 89.530, -0.99845, 0.00821, -0.05498
-3.98065, 2.73190, 2.09973, 86.817, 0.024, 89.515, -0.99842, 0.00843, -0.05552
-4.02580, 2.73780, 2.09900, 86.774, 0.111, 89.501, -0.99838, 0.00859, -0.05628
-4.07044, 2.74290, 2.09834, 86.656, 0.217, 89.558, -0.99827, 0.00748, -0.05834
-4.12000, 2.74800, 2.09760, 86.577, 0.354, 89.684, -0.99820, 0.00514, -0.05970
-4.18546, 2.75464, 2.09658, 86.668, 0.516, 89.827, -0.99831, 0.00250, -0.05812
-4.24960, 2.76120, 2.09560, 86.759, 0.689, 89.967, -0.99840, -0.00011, -0.05654
-4.29426, 2.76699, 2.09490, 86.628, 0.858, 90.042, -0.99827, -0.00162, -0.05881
-4.33480, 2.77080, 2.09450, 86.498, 1.006, 90.136, -0.99813, -0.00345, -0.06107
-4.38317, 2.77189, 2.09435, 86.724, 1.127, 90.387, -0.99834, -0.00787, -0.05714
-4.43620, 2.77260, 2.09430, 86.950, 1.190, 90.552, -0.99853, -0.01073, -0.05320
-4.49571, 2.77500, 2.09421, 86.926, 1.208, 90.552, -0.99850, -0.01075, -0.05361
-4.55320, 2.77740, 2.09410, 86.903, 1.211, 90.551, -0.99848, -0.01074, -0.05402
-4.59955, 2.77843, 2.09391, 87.023, 1.129, 90.466, -0.99861, -0.00915, -0.05193
-4.64080, 2.77920, 2.09380, 87.142, 1.046, 90.382, -0.99873, -0.00757, -0.04985
-4.68023, 2.78074, 2.09405, 87.093, 1.047, 90.422, -0.99868, -0.00829, -0.05071
-4.72300, 2.78220, 2.09450, 87.043, 1.051, 90.462, -0.99863, -0.00901, -0.05158
-4.77851, 2.78311, 2.09481, 87.132, 1.061, 90.457, -0.99871, -0.00889, -0.05004
-4.83340, 2.78340, 2.09520, 87.265, 1.080, 90.452, -0.99882, -0.00877, -0.04771
-4.87477, 2.78340, 2.09576, 87.311, 1.112, 90.453, -0.99886, -0.00881, -0.04691
-4.91140, 2.78340, 2.09640, 87.348, 1.146, 90.464, -0.99889, -0.00901, -0.04626
-4.94886, 2.78319, 2.09698, 87.417, 1.164, 90.540, -0.99893, -0.01033, -0.04506
-4.98940, 2.78280, 2.09760, 87.509, 1.185, 90.610, -0.99899, -0.01154, -0.04344
-5.03965, 2.78250, 2.09837, 87.635, 1.233, 90.614, -0.99908, -0.01159, -0.04126
-5.08840, 2.78220, 2.09910, 87.759, 1.264, 90.614, -0.99917, -0.01158, -0.03910
-5.12480, 2.78203, 2.09960, 87.844, 1.262, 90.540, -0.99924, -0.01025, -0.03762
-5.15620, 2.78160, 2.10000, 87.912, 1.251, 90.413, -0.99930, -0.00799, -0.03642
-5.18777, 2.78058, 2.10042, 87.973, 1.202, 90.304, -0.99936, -0.00604, -0.03536
-5.22100, 2.77920, 2.10080, 88.048, 1.139, 90.248, -0.99941, -0.00501, -0.03406
-5.26196, 2.77792, 2.10112, 88.188, 1.105, 90.276, -0.99949, -0.00542, -0.03161
-5.30020, 2.77620, 2.10140, 88.296, 1.094, 90.317, -0.99954, -0.00610, -0.02974
-5.32624, 2.77359, 2.10166, 88.319, 1.138, 90.327, -0.99955, -0.00629, -0.02933
-5.34640, 2.77080, 2.10190, 88.326, 1.201, 90.341, -0.99955, -0.00656, -0.02920
-5.36625, 2.76896, 2.10213, 88.338, 1.223, 90.395, -0.99955, -0.00752, -0.02900
-5.38540, 2.76660, 2.10230, 88.347, 1.226, 90.433, -0.99955, -0.00817, -0.02885
-5.40742, 2.76228, 2.10236, 88.350, 1.174, 90.409, -0.99956, -0.00772, -0.02878
-5.42680, 2.75760, 2.10240, 88.357, 1.123, 90.385, -0.99956, -0.00728, -0.02867
-5.43928, 2.75417, 2.10250, 88.376, 1.134, 90.389, -0.99957, -0.00734, -0.02833
-5.44780, 2.75100, 2.10260, 88.403, 1.144, 90.416, -0.99958, -0.00782, -0.02787
-5.45759, 2.74639, 2.10267, 88.428, 1.137, 90.517, -0.99958, -0.00956, -0.02743
-5.46220, 2.74380, 2.10270, 88.458, 1.129, 90.598, -0.99958, -0.01096, -0.02690
-5.46220, 2.74380, 2.10270, 88.500, 1.129, 90.600, -0.99960, -0.01098, -0.02617
-5.46220, 2.74380, 2.10270, 88.571, 1.134, 89.246, -0.99961, 0.01267, -0.02494
-5.46220, 2.74380, 2.10270, 88.613, 1.139, 86.766, -0.99814, 0.05592, -0.02421
-5.46220, 2.74380, 2.10270, 88.610, 1.118, 84.841, -0.99570, 0.08943, -0.02426
-5.46220, 2.74380, 2.10270, 88.606, 1.097, 82.910, -0.99212, 0.12293, -0.02431
-5.46220, 2.74380, 2.10270, 88.646, 1.109, 80.976, -0.98742, 0.15636, -0.02362
-5.46220, 2.74380, 2.10270, 88.686, 1.130, 79.037, -0.98158, 0.18968, -0.02292
-5.46220, 2.74380, 2.10270, 88.686, 1.149, 77.098, -0.97460, 0.22278, -0.02293
-5.46220, 2.74380, 2.10109, 88.636, 1.159, 75.154, -0.96647, 0.25568, -0.02381
-5.46220, 2.74380, 2.09544, 88.458, 1.156, 73.203, -0.95715, 0.28835, -0.02690
-5.46220, 2.74380, 2.10419, 88.697, 1.153, 71.253, -0.94685, 0.32088, -0.02274
-5.46220, 2.74380, 2.11950, 89.141, 1.164, 69.311, -0.93552, 0.35297, -0.01498
-5.46220, 2.74380, 2.10753, 88.804, 1.181, 67.368, -0.92296, 0.38433, -0.02087
-5.46220, 2.74380, 2.09192, 88.338, 1.191, 65.414, -0.90920, 0.41534, -0.02901
-5.46220, 2.74380, 2.11214, 88.898, 1.194, 63.455, -0.89460, 0.44646, -0.01923
-5.46220, 2.74380, 2.09879, 88.516, 1.179, 61.497, -0.87875, 0.47657, -0.02589
-5.46220, 2.74380, 2.09078, 88.289, 1.146, 59.537, -0.86188, 0.50624, -0.02985
-5.46220, 2.74380, 2.09846, 88.516, 1.113, 57.571, -0.84404, 0.53566, -0.02590
-5.46220, 2.74380, 2.11018, 88.856, 1.080, 55.607, -0.82523, 0.56444, -0.01997
-5.46220, 2.74380, 2.10035, 88.573, 1.048, 53.658, -0.80552, 0.59205, -0.02491
-5.46220, 2.74380, 2.10056, 88.570, 1.033, 51.713, -0.78495, 0.61905, -0.02495
-5.46220, 2.74380, 2.10535, 88.684, 1.040, 49.762, -0.76344, 0.64547, -0.02296
-5.46220, 2.74380, 2.11046, 88.814, 1.052, 47.809, -0.74101, 0.67118, -0.02069
-5.46220, 2.74380, 2.09590, 88.408, 1.062, 45.855, -0.71766, 0.69584, -0.02778
-5.46220, 2.74380, 2.09662, 88.440, 1.068, 43.902, -0.69354, 0.71991, -0.02723
-5.46220, 2.74380, 2.09510, 88.393, 1.065, 41.956, -0.66868, 0.74302, -0.02804
-5.46220, 2.74380, 2.10710, 88.734, 1.063, 40.013, -0.64312, 0.76545, -0.02210
-5.46220, 2.74380, 2.10840, 88.778, 1.084, 38.069, -0.61679, 0.78684, -0.02132
-5.46220, 2.74380, 2.10105, 88.575, 1.114, 36.132, -0.58985, 0.80713, -0.02486
-5.46220, 2.74380, 2.10692, 88.719, 1.123, 34.207, -0.56241, 0.82656, -0.02235
-5.46220, 2.74380, 2.10516, 88.632, 1.126, 32.286, -0.53438, 0.84490, -0.02386
-5.46220, 2.74380, 2.10190, 88.525, 1.132, 30.358, -0.50567, 0.86234, -0.02573
-5.46220, 2.74380, 2.10490, 88.609, 1.140, 28.424, -0.47628, 0.87896, -0.02428
-5.46220, 2.74380, 2.10024, 88.520, 1.157, 26.479, -0.44618, 0.89457, -0.02582
-5.46220, 2.74380, 2.10231, 88.652, 1.168, 24.538, -0.41561, 0.90924, -0.02352
-5.46220, 2.74380, 2.10330, 88.724, 1.145, 22.623, -0.38498, 0.92266, -0.02226
-5.46220, 2.74380, 2.10322, 88.750, 1.122, 20.708, -0.35392, 0.93502, -0.02181
-5.46220, 2.74380, 2.10270, 88.744, 1.130, 18.762, -0.32198, 0.94649, -0.02191
-5.46220, 2.74380, 2.10270, 88.752, 1.144, 16.820, -0.28971, 0.95687, -0.02178
-5.46220, 2.74380, 2.10270, 88.779, 1.154, 14.912, -0.25768, 0.96599, -0.02131
-5.46220, 2.74380, 2.10270, 88.809, 1.160, 13.008, -0.22545, 0.97403, -0.02078
-5.46220, 2.74380, 2.10270, 88.828, 1.163, 11.083, -0.19261, 0.98106, -0.02045
-5.46220, 2.74380, 2.10270, 88.847, 1.163, 9.151, -0.15940, 0.98701, -0.02012
-5.46220, 2.74380, 2.10270, 88.861, 1.144, 6.651, -0.11620, 0.99303, -0.01988
-5.46220, 2.74380, 2.10270, 88.902, 1.124, 5.283, -0.09243, 0.99553, -0.01916
-5.46220, 2.74380, 2.10270, 90.000, 1.129, 6.058, -0.10553, 0.99442, -0.00000
-5.45797, 2.72252, 2.10269, 89.971, 1.144, 6.171, -0.10750, 0.99420, -0.00050
-5.44735, 2.66837, 2.10267, 89.902, 1.165, 6.217, -0.10833, 0.99411, -0.00171
-5.43825, 2.62059, 2.10264, 89.848, 1.189, 6.223, -0.10845, 0.99410, -0.00265
-5.43263, 2.58743, 2.10263, 89.819, 1.219, 6.190, -0.10790, 0.99416, -0.00316
-5.42829, 2.55916, 2.10262, 89.803, 1.254, 6.121, -0.10670, 0.99429, -0.00343
-5.42399, 2.53581, 2.10261, 89.800, 1.280, 6.089, -0.10614, 0.99434, -0.00349
-5.41928, 2.51329, 2.10260, 89.856, 1.297, 6.102, -0.10635, 0.99433, -0.00252
-5.41465, 2.49540, 2.10260, 89.979, 1.304, 6.130, -0.10679, 0.99428, -0.00036
-5.41044, 2.48957, 2.10259, 90.048, 1.305, 6.143, -0.10699, 0.99426, 0.00084
-5.40660, 2.49064, 2.10260, 90.062, 1.288, 6.133, -0.10681, 0.99428, 0.00109
-5.40317, 2.49598, 2.10261, 90.068, 1.242, 6.110, -0.10641, 0.99432, 0.00119
-5.40005, 2.50648, 2.10262, 90.069, 1.196, 6.091, -0.10609, 0.99436, 0.00120
-5.39657, 2.52029, 2.10264, 90.050, 1.156, 6.081, -0.10592, 0.99437, 0.00087
-5.39334, 2.53921, 2.10266, 90.000, 1.115, 6.076, -0.10584, 0.99438, 0.00001
-5.39219, 2.56363, 2.10268, 89.953, 1.082, 6.074, -0.10583, 0.99438, -0.00082
-5.39228, 2.59117, 2.10271, 89.908, 1.055, 6.113, -0.10652, 0.99431, -0.00161
-5.39264, 2.62416, 2.10273, 89.862, 1.036, 6.196, -0.10798, 0.99415, -0.00240
-5.39324, 2.66384, 2.10277, 89.845, 1.030, 6.235, -0.10866, 0.99408, -0.00270
-5.39368, 2.70796, 2.10280, 89.851, 1.039, 6.219, -0.10837, 0.99411, -0.00261
-5.39432, 2.75873, 2.10285, 89.862, 1.057, 6.181, -0.10772, 0.99418, -0.00241
-5.39616, 2.81621, 2.10290, 89.867, 1.066, 6.158, -0.10731, 0.99422, -0.00232
-5.39919, 2.87976, 2.10295, 89.841, 1.059, 6.151, -0.10719, 0.99423, -0.00277
-5.40345, 2.95026, 2.10300, 89.786, 1.028, 6.148, -0.10715, 0.99424, -0.00373
-5.40835, 3.02122, 2.10306, 89.761, 0.976, 6.147, -0.10715, 0.99423, -0.00417
-5.41367, 3.09024, 2.10311, 89.826, 0.892, 6.183, -0.10775, 0.99417, -0.00303
-5.41968, 3.15990, 2.10316, 89.966, 0.785, 6.260, -0.10905, 0.99404, -0.00060
-5.42581, 3.23176, 2.10321, 90.031, 0.720, 6.296, -0.10966, 0.99397, 0.00054
-5.43151, 3.30549, 2.10326, 90.010, 0.703, 6.418, -0.11179, 0.99373, 0.00018
-5.43732, 3.38137, 2.10332, 89.964, 0.701, 6.734, -0.11727, 0.99310, -0.00062
-5.44439, 3.45912, 2.10338, 89.939, 0.684, 5.649, -0.09844, 0.99514, -0.00106
-5.45317, 3.53789, 2.10344, 89.936, 0.580, 6.918, -0.12045, 0.99272, -0.00112
-5.46326, 3.61853, 2.10350, 89.935, 0.401, 5.696, -0.09926, 0.99506, -0.00113
-5.47259, 3.70118, 2.10357, 89.932, 0.321, 5.347, -0.09319, 0.99565, -0.00118
-5.48034, 3.78399, 2.10363, 89.850, 0.380, 5.666, -0.09874, 0.99511, -0.00263
-5.48734, 3.86867, 2.10370, 89.674, 0.515, 6.421, -0.11188, 0.99371, -0.00569
-5.49552, 3.95900, 2.10377, 89.575, 0.602, 6.035, -0.10522, 0.99442, -0.00742
-5.50548, 4.05654, 2.10384, 89.559, 0.623, 5.876, -0.10245, 0.99471, -0.00770
-5.51660, 4.15994, 2.10392, 89.556, 0.627, 5.961, -0.10394, 0.99455, -0.00774
-5.52707, 4.26010, 2.10399, 89.543, 0.645, 5.912, -0.10309, 0.99464, -0.00797
-5.53644, 4.35448, 2.10407, 89.509, 0.699, 5.779, -0.10079, 0.99487, -0.00857
-5.54520, 4.44581, 2.10414, 89.463, 0.769, 6.081, -0.10605, 0.99432, -0.00936
-5.55393, 4.53850, 2.10421, 89.435, 0.798, 5.717, -0.09975, 0.99496, -0.00986
-5.56275, 4.63345, 2.10428, 89.425, 0.758, 5.996, -0.10459, 0.99446, -0.01004
-5.57150, 4.72962, 2.10435, 89.421, 0.671, 5.927, -0.10337, 0.99459, -0.01010
-5.58048, 4.82630, 2.10442, 89.418, 0.631, 5.715, -0.09970, 0.99497, -0.01016
-5.58973, 4.92353, 2.10449, 89.413, 0.646, 6.003, -0.10468, 0.99445, -0.01024
-5.59918, 5.02136, 2.10457, 89.410, 0.684, 5.987, -0.10441, 0.99448, -0.01030
-5.60867, 5.11830, 2.10464, 89.401, 0.719, 5.969, -0.10412, 0.99451, -0.01045
-5.61815, 5.21347, 2.10472, 89.390, 0.736, 5.926, -0.10337, 0.99459, -0.01065
-5.62766, 5.30770, 2.10480, 89.375, 0.750, 5.835, -0.10180, 0.99475, -0.01091
-5.63717, 5.40380, 2.10489, 89.350, 0.787, 5.853, -0.10212, 0.99471, -0.01134
-5.64667, 5.50407, 2.10497, 89.305, 0.856, 5.795, -0.10114, 0.99480, -0.01213
-5.65616, 5.60638, 2.10506, 89.250, 0.948, 5.706, -0.09962, 0.99494, -0.01309
-5.66559, 5.70310, 2.10514, 89.227, 1.026, 5.655, -0.09877, 0.99502, -0.01349
-5.67495, 5.79300, 2.10522, 89.228, 1.083, 5.641, -0.09854, 0.99504, -0.01348
-5.68426, 5.87744, 2.10530, 89.233, 1.126, 5.638, -0.09850, 0.99505, -0.01338
-5.69355, 5.96080, 2.10537, 89.247, 1.164, 5.630, -0.09836, 0.99506, -0.01314
-5.70309, 6.04523, 2.10543, 89.281, 1.206, 5.612, -0.09805, 0.99510, -0.01255
-5.71264, 6.12848, 2.10550, 89.339, 1.241, 5.589, -0.09764, 0.99515, -0.01153
-5.72138, 6.20870, 2.10557, 89.386, 1.254, 5.569, -0.09728, 0.99520, -0.01071
-5.72903, 6.28579, 2.10563, 89.419, 1.234, 5.558, -0.09706, 0.99523, -0.01014
-5.73584, 6.35984, 2.10570, 89.442, 1.193, 5.549, -0.09690, 0.99525, -0.00974
-5.74302, 6.43340, 2.10576, 89.448, 1.174, 5.526, -0.09648, 0.99529, -0.00962
-5.75116, 6.50876, 2.10582, 89.409, 1.186, 5.482, -0.09574, 0.99535, -0.01030
-5.75966, 6.58372, 2.10589, 89.326, 1.212, 5.423, -0.09475, 0.99543, -0.01176
-5.76716, 6.65360, 2.10594, 89.287, 1.224, 5.368, -0.09381, 0.99551, -0.01244
-5.77333, 6.71819, 2.10598, 89.293, 1.181, 5.316, -0.09290, 0.99560, -0.01234
-5.77850, 6.77777, 2.10602, 89.309, 1.072, 5.267, -0.09201, 0.99569, -0.01205
-5.78379, 6.83530, 2.10605, 89.330, 0.980, 5.237, -0.09146, 0.99574, -0.01169
-5.78977, 6.89214, 2.10609, 89.351, 0.912, 5.226, -0.09125, 0.99576, -0.01132
-5.79586, 6.94679, 2.10612, 89.377, 0.855, 5.224, -0.09121, 0.99577, -0.01088
-5.80098, 7.00010, 2.10615, 89.407, 0.837, 5.214, -0.09103, 0.99579, -0.01034
-5.80516, 7.05351, 2.10617, 89.452, 0.882, 5.184, -0.09050, 0.99585, -0.00956
-5.80840, 7.10562, 2.10620, 89.504, 0.978, 5.145, -0.08982, 0.99592, -0.00866
-5.81090, 7.15410, 2.10622, 89.524, 1.023, 5.129, -0.08954, 0.99595, -0.00830
-5.81311, 7.19904, 2.10624, 89.523, 1.023, 5.129, -0.08954, 0.99595, -0.00833
-5.81460, 7.24033, 2.10627, 89.512, 1.018, 5.129, -0.08954, 0.99595, -0.00851
