-1.50000, 0.00000, 1.10000, 85.000, 0.000, 180.000, 0.00000, -0.99619, -0.08716
-1.50000, 0.00000, 1.10000, 85.000, 0.000, 180.000, 0.00000, -0.99619, -0.08716
-1.50000, 0.00000, 1.10000, 85.000, 0.000, 180.000, 0.00000, -0.99619, -0.08716
-1.50000, 0.00000, 1.10000, 85.000, 0.000, 180.000, 0.00000, -0.99619, -0.08716
-1.50000, 0.00000, 1.10000, 85.000, 0.000, 180.000, 0.00000, -0.99619, -0.08716
-1.50000, 0.00000, 1.10000, 85.000, 0.000, 180.000, 0.00000, -0.99619, -0.08716
-1.50000, 0.00000, 1.10000, 85.000, 0.000, 180.000, 0.00000, -0.99619, -0.08716
-1.50000, 0.00000, 1.10000, 85.000, 0.000, 180.000, 0.00000, -0.99619, -0.08716
-1.50000, 0.00000, 1.10000, 85.000, 0.000, 180.000, 0.00000, -0.99619, -0.08716
-1.50000, 0.00000, 1.10000, 85.000, 0.000, 180.000, 0.00000, -0.99619, -0.08716
-1.49994, 0.00035, 1.09740, 85.022, 0.008, 180.019, 0.00034, -0.99623, -0.08677
-1.49976, 0.00133, 1.09009, 85.084, 0.032, 180.065, 0.00118, -0.99632, -0.08569
-1.49951, 0.00244, 1.08174, 85.155, 0.065, 180.101, 0.00185, -0.99643, -0.08446
-1.49924, 0.00325, 1.07545, 85.210, 0.096, 180.105, 0.00197, -0.99651, -0.08351
-1.49892, 0.00399, 1.06929, 85.264, 0.128, 180.101, 0.00194, -0.99658, -0.08256
-1.49857, 0.00467, 1.06363, 85.315, 0.167, 180.096, 0.00190, -0.99666, -0.08168
-1.49821, 0.00531, 1.05915, 85.353, 0.213, 180.094, 0.00193, -0.99671, -0.08102
-1.49786, 0.00601, 1.05544, 85.375, 0.278, 180.097, 0.00208, -0.99674, -0.08064
-1.49750, 0.00672, 1.05263, 85.382, 0.360, 180.113, 0.00247, -0.99675, -0.08052
-1.49712, 0.00713, 1.05136, 85.393, 0.412, 180.147, 0.00314, -0.99677, -0.08031
-1.49672, 0.00718, 1.05127, 85.426, 0.414, 180.196, 0.00398, -0.99681, -0.07975
-1.49630, 0.00711, 1.05229, 85.485, 0.381, 180.266, 0.00516, -0.99688, -0.07872
-1.49587, 0.00681, 1.05627, 85.544, 0.337, 180.349, 0.00653, -0.99696, -0.07769
-1.49542, 0.00622, 1.06379, 85.566, 0.319, 180.423, 0.00778, -0.99698, -0.07731
-1.49495, 0.00527, 1.07391, 85.541, 0.341, 180.480, 0.00881, -0.99693, -0.07775
-1.49446, 0.00379, 1.08743, 85.459, 0.394, 180.528, 0.00974, -0.99681, -0.07918
-1.49400, 0.00200, 1.10445, 85.338, 0.435, 180.587, 0.01083, -0.99663, -0.08127
-1.49361, 0.00019, 1.12344, 85.208, 0.432, 180.666, 0.01222, -0.99643, -0.08353
-1.49327, -0.00182, 1.14496, 85.049, 0.365, 180.767, 0.01389, -0.99617, -0.08631
-1.49297, -0.00400, 1.16953, 84.867, 0.276, 180.877, 0.01568, -0.99587, -0.08946
-1.49272, -0.00615, 1.19570, 84.694, 0.232, 180.976, 0.01733, -0.99556, -0.09247
-1.49249, -0.00824, 1.22295, 84.531, 0.222, 181.066, 0.01889, -0.99527, -0.09530
-1.49230, -0.01033, 1.25222, 84.369, 0.218, 181.152, 0.02038, -0.99497, -0.09812
-1.49218, -0.01247, 1.28296, 84.213, 0.216, 181.220, 0.02156, -0.99467, -0.10083
-1.49211, -0.01465, 1.31405, 84.064, 0.223, 181.268, 0.02241, -0.99439, -0.10341
-1.49207, -0.01686, 1.34571, 83.933, 0.269, 181.290, 0.02288, -0.99414, -0.10569
-1.49206, -0.01912, 1.37866, 83.800, 0.329, 181.298, 0.02315, -0.99388, -0.10800
-1.49205, -0.02144, 1.41290, 83.640, 0.354, 181.318, 0.02355, -0.99357, -0.11077
-1.49208, -0.02386, 1.44928, 83.447, 0.325, 181.361, 0.02424, -0.99317, -0.11412
-1.49216, -0.02639, 1.48773, 83.227, 0.257, 181.416, 0.02506, -0.99270, -0.11794
-1.49228, -0.02881, 1.52451, 83.009, 0.204, 181.452, 0.02558, -0.99224, -0.12171
-1.49240, -0.03101, 1.55781, 82.814, 0.197, 181.449, 0.02552, -0.99182, -0.12509
-1.49255, -0.03307, 1.58928, 82.626, 0.198, 181.395, 0.02459, -0.99142, -0.12835
-1.49271, -0.03496, 1.61775, 82.453, 0.202, 181.325, 0.02339, -0.99106, -0.13134
-1.49285, -0.03675, 1.64312, 82.304, 0.211, 181.297, 0.02292, -0.99073, -0.13392
-1.49297, -0.03848, 1.66648, 82.169, 0.245, 181.297, 0.02300, -0.99041, -0.13624
-1.49307, -0.04010, 1.68691, 82.055, 0.310, 181.297, 0.02317, -0.99013, -0.13822
-1.49315, -0.04159, 1.70370, 81.968, 0.363, 181.299, 0.02333, -0.98992, -0.13972
-1.49322, -0.04301, 1.71837, 81.902, 0.377, 181.306, 0.02349, -0.98975, -0.14086
-1.49325, -0.04434, 1.73204, 81.867, 0.379, 181.349, 0.02424, -0.98965, -0.14146
-1.49328, -0.04556, 1.74118, 81.852, 0.380, 181.403, 0.02517, -0.98959, -0.14173
-1.49333, -0.04670, 1.74392, 81.825, 0.385, 181.425, 0.02556, -0.98951, -0.14220
-1.49342, -0.04782, 1.74362, 81.773, 0.406, 181.424, 0.02561, -0.98938, -0.14309
-1.49353, -0.04886, 1.74103, 81.708, 0.441, 181.422, 0.02567, -0.98921, -0.14421
-1.49364, -0.04977, 1.73401, 81.667, 0.466, 181.421, 0.02571, -0.98911, -0.14491
-1.49376, -0.05056, 1.72278, 81.668, 0.466, 181.421, 0.02572, -0.98911, -0.14490
-1.49389, -0.05131, 1.70540, 81.721, 0.440, 181.426, 0.02574, -0.98924, -0.14399
-1.49402, -0.05186, 1.68096, 81.827, 0.387, 181.435, 0.02575, -0.98951, -0.14216
-1.49415, -0.05213, 1.65300, 81.954, 0.323, 181.444, 0.02574, -0.98982, -0.13997
-1.49426, -0.05226, 1.62314, 82.092, 0.242, 181.456, 0.02574, -0.99016, -0.13758
-1.49436, -0.05232, 1.58901, 82.260, 0.137, 181.470, 0.02574, -0.99056, -0.13467
-1.49447, -0.05234, 1.55063, 82.448, 0.049, 181.479, 0.02570, -0.99099, -0.13143
-1.49458, -0.05228, 1.50991, 82.643, -0.003, 181.474, 0.02550, -0.99144, -0.12806
-1.49470, -0.05170, 1.46590, 82.867, -0.035, 181.426, 0.02463, -0.99196, -0.12417
-1.49483, -0.05045, 1.41838, 83.093, -0.047, 181.365, 0.02356, -0.99246, -0.12025
-1.49495, -0.04881, 1.36950, 83.280, -0.048, 181.340, 0.02313, -0.99286, -0.11702
-1.49507, -0.04699, 1.31946, 83.406, -0.043, 181.346, 0.02325, -0.99311, -0.11484
-1.49517, -0.04476, 1.26725, 83.484, -0.025, 181.362, 0.02356, -0.99326, -0.11348
-1.49529, -0.04194, 1.21460, 83.594, 0.003, 181.378, 0.02390, -0.99347, -0.11158
-1.49543, -0.03870, 1.16293, 83.777, 0.035, 181.387, 0.02414, -0.99382, -0.10839
-1.49557, -0.03504, 1.11141, 84.010, 0.084, 181.394, 0.02436, -0.99424, -0.10436
-1.49575, -0.03080, 1.06010, 84.293, 0.133, 181.399, 0.02452, -0.99474, -0.09943
-1.49597, -0.02615, 1.00919, 84.606, 0.161, 181.400, 0.02458, -0.99527, -0.09400
-1.49628, -0.02099, 0.95684, 84.956, 0.175, 181.338, 0.02352, -0.99585, -0.08792
-1.49667, -0.01523, 0.90370, 85.351, 0.181, 181.172, 0.02065, -0.99650, -0.08104
-1.49700, -0.00962, 0.85525, 85.734, 0.183, 181.004, 0.01770, -0.99707, -0.07438
-1.49721, -0.00459, 0.81313, 86.068, 0.173, 180.905, 0.01596, -0.99752, -0.06857
-1.49733, 0.00026, 0.77529, 86.374, 0.093, 180.833, 0.01461, -0.99789, -0.06324
-1.49738, 0.00463, 0.74377, 86.650, -0.031, 180.792, 0.01378, -0.99820, -0.05843
-1.49738, 0.00834, 0.71776, 86.906, -0.125, 180.782, 0.01351, -0.99845, -0.05397
-1.49735, 0.01188, 0.69381, 87.164, -0.192, 180.787, 0.01355, -0.99868, -0.04947
-1.49723, 0.01501, 0.67441, 87.410, -0.248, 180.806, 0.01385, -0.99888, -0.04519
-1.49701, 0.01665, 0.66499, 87.597, -0.276, 180.842, 0.01447, -0.99902, -0.04193
-1.49672, 0.01683, 0.66401, 87.721, -0.279, 180.890, 0.01532, -0.99909, -0.03977
-1.49634, 0.01654, 0.66510, 87.798, -0.276, 180.959, 0.01653, -0.99912, -0.03842
-1.49588, 0.01530, 0.66977, 87.827, -0.272, 181.037, 0.01791, -0.99912, -0.03792
-1.49542, 0.01289, 0.67888, 87.830, -0.270, 181.103, 0.01906, -0.99910, -0.03786
-1.49496, 0.00906, 0.69473, 87.797, -0.278, 181.151, 0.01989, -0.99906, -0.03844
-1.49447, 0.00333, 0.72100, 87.691, -0.304, 181.188, 0.02050, -0.99898, -0.04029
-1.49397, -0.00322, 0.75270, 87.540, -0.348, 181.228, 0.02115, -0.99885, -0.04293
-1.49347, -0.00947, 0.78365, 87.383, -0.406, 181.281, 0.02201, -0.99871, -0.04566
-1.49296, -0.01606, 0.81636, 87.199, -0.502, 181.347, 0.02305, -0.99854, -0.04886
-1.49245, -0.02294, 0.85251, 86.987, -0.596, 181.416, 0.02413, -0.99833, -0.05255
-1.49196, -0.02968, 0.89130, 86.768, -0.631, 181.473, 0.02505, -0.99810, -0.05637
-1.49149, -0.03639, 0.93247, 86.553, -0.620, 181.509, 0.02564, -0.99786, -0.06012
-1.49104, -0.04314, 0.97686, 86.329, -0.586, 181.530, 0.02599, -0.99761, -0.06403
-1.49060, -0.04943, 1.02250, 86.082, -0.541, 181.566, 0.02663, -0.99731, -0.06833
-1.49016, -0.05512, 1.06756, 85.806, -0.495, 181.635, 0.02783, -0.99693, -0.07312
-1.48973, -0.06041, 1.11376, 85.479, -0.437, 181.734, 0.02956, -0.99645, -0.07881
-1.48930, -0.06508, 1.15985, 85.148, -0.377, 181.850, 0.03161, -0.99592, -0.08458
-1.48888, -0.06916, 1.20386, 84.881, -0.330, 181.960, 0.03355, -0.99545, -0.08923
-1.48846, -0.07279, 1.24603, 84.688, -0.300, 182.082, 0.03569, -0.99507, -0.09258
-1.48803, -0.07579, 1.28654, 84.556, -0.282, 182.217, 0.03803, -0.99476, -0.09488
-1.48763, -0.07833, 1.32536, 84.430, -0.265, 182.297, 0.03945, -0.99450, -0.09707
-1.48724, -0.08078, 1.36361, 84.268, -0.238, 182.307, 0.03963, -0.99421, -0.09987
-1.48687, -0.08303, 1.40251, 84.097, -0.210, 182.304, 0.03961, -0.99391, -0.10285
-1.48651, -0.08490, 1.43876, 83.911, -0.176, 182.300, 0.03959, -0.99357, -0.10607
-1.48617, -0.08640, 1.46958, 83.708, -0.133, 182.299, 0.03961, -0.99319, -0.10959
-1.48583, -0.08772, 1.49610, 83.475, -0.078, 182.320, 0.04006, -0.99271, -0.11364
-1.48549, -0.08871, 1.51781, 83.214, -0.011, 182.372, 0.04107, -0.99215, -0.11816
-1.48520, -0.08916, 1.53450, 82.979, 0.049, 182.412, 0.04187, -0.99162, -0.12224
-1.48495, -0.08920, 1.54851, 82.791, 0.092, 182.417, 0.04204, -0.99120, -0.12549
-1.48475, -0.08916, 1.55981, 82.614, 0.117, 182.417, 0.04208, -0.99081, -0.12856
-1.48459, -0.08899, 1.56611, 82.491, 0.135, 182.415, 0.04209, -0.99053, -0.13068
-1.48443, -0.08867, 1.56772, 82.453, 0.161, 182.413, 0.04210, -0.99044, -0.13134
-1.48428, -0.08811, 1.56672, 82.453, 0.206, 182.398, 0.04196, -0.99045, -0.13133
-1.48413, -0.08723, 1.56208, 82.458, 0.263, 182.364, 0.04148, -0.99048, -0.13125
-1.48401, -0.08627, 1.55258, 82.470, 0.299, 182.324, 0.04088, -0.99053, -0.13104
-1.48393, -0.08544, 1.53980, 82.491, 0.303, 182.292, 0.04033, -0.99060, -0.13068
-1.48387, -0.08474, 1.52433, 82.533, 0.296, 182.260, 0.03978, -0.99072, -0.12995
-1.48385, -0.08396, 1.50354, 82.605, 0.284, 182.230, 0.03922, -0.99091, -0.12871
-1.48384, -0.08294, 1.47730, 82.696, 0.272, 182.202, 0.03871, -0.99113, -0.12713
-1.48385, -0.08180, 1.44639, 82.798, 0.261, 182.179, 0.03829, -0.99137, -0.12537
-1.48388, -0.08051, 1.40957, 82.919, 0.250, 182.159, 0.03793, -0.99165, -0.12326
-1.48398, -0.07880, 1.36919, 83.068, 0.236, 182.136, 0.03749, -0.99198, -0.12070
-1.48412, -0.07669, 1.32866, 83.235, 0.220, 182.107, 0.03695, -0.99235, -0.11779
-1.48429, -0.07435, 1.28663, 83.428, 0.195, 182.079, 0.03643, -0.99276, -0.11445
-1.48454, -0.07146, 1.24211, 83.643, 0.172, 182.042, 0.03573, -0.99321, -0.11073
-1.48486, -0.06788, 1.19583, 83.860, 0.164, 181.983, 0.03470, -0.99366, -0.10696
-1.48526, -0.06380, 1.14791, 84.069, 0.179, 181.899, 0.03329, -0.99409, -0.10333
-1.48575, -0.05908, 1.09776, 84.280, 0.218, 181.793, 0.03151, -0.99452, -0.09967
-1.48628, -0.05365, 1.04691, 84.516, 0.257, 181.685, 0.02969, -0.99498, -0.09557
-1.48681, -0.04782, 0.99672, 84.783, 0.278, 181.593, 0.02813, -0.99546, -0.09092
-1.48737, -0.04156, 0.94614, 85.074, 0.292, 181.514, 0.02676, -0.99595, -0.08587
-1.48795, -0.03460, 0.89571, 85.396, 0.297, 181.437, 0.02541, -0.99645, -0.08026
-1.48851, -0.02706, 0.84626, 85.741, 0.298, 181.348, 0.02385, -0.99695, -0.07426
-1.48907, -0.01867, 0.79571, 86.125, 0.278, 181.230, 0.02174, -0.99748, -0.06758
-1.48963, -0.00939, 0.74472, 86.549, 0.231, 181.090, 0.01924, -0.99800, -0.06019
-1.49011, -0.00058, 0.69935, 86.939, 0.193, 180.990, 0.01743, -0.99842, -0.05340
-1.49051, 0.00703, 0.66127, 87.256, 0.195, 180.953, 0.01678, -0.99871, -0.04788
-1.49084, 0.01407, 0.62835, 87.523, 0.248, 180.944, 0.01666, -0.99893, -0.04322
-1.49107, 0.02014, 0.60274, 87.737, 0.320, 180.942, 0.01665, -0.99908, -0.03949
-1.49124, 0.02518, 0.58322, 87.920, 0.361, 180.923, 0.01633, -0.99921, -0.03629
-1.49135, 0.02988, 0.56793, 88.102, 0.374, 180.879, 0.01556, -0.99933, -0.03312
-1.49141, 0.03381, 0.55904, 88.259, 0.381, 180.818, 0.01448, -0.99943, -0.03038
-1.49143, 0.03578, 0.55625, 88.340, 0.383, 180.764, 0.01353, -0.99949, -0.02897
-1.49142, 0.03589, 0.55676, 88.345, 0.374, 180.733, 0.01297, -0.99950, -0.02889
-1.49136, 0.03478, 0.56349, 88.302, 0.301, 180.719, 0.01270, -0.99948, -0.02962
-1.49124, 0.03220, 0.57798, 88.205, 0.191, 180.715, 0.01258, -0.99943, -0.03132
-1.49107, 0.02859, 0.59674, 88.072, 0.110, 180.704, 0.01234, -0.99936, -0.03364
-1.49087, 0.02426, 0.61758, 87.911, 0.073, 180.679, 0.01190, -0.99926, -0.03646
-1.49061, 0.01877, 0.64318, 87.705, 0.058, 180.648, 0.01133, -0.99913, -0.04005
-1.49034, 0.01232, 0.67464, 87.475, 0.034, 180.627, 0.01096, -0.99897, -0.04406
-1.49007, 0.00540, 0.71033, 87.244, -0.023, 180.634, 0.01103, -0.99878, -0.04807
-1.48979, -0.00249, 0.75187, 86.997, -0.126, 180.710, 0.01227, -0.99855, -0.05238
-1.48950, -0.01093, 0.79799, 86.740, -0.228, 180.825, 0.01415, -0.99828, -0.05687
-1.48922, -0.01892, 0.84380, 86.490, -0.266, 180.908, 0.01554, -0.99800, -0.06121
-1.48894, -0.02647, 0.88850, 86.260, -0.256, 180.949, 0.01623, -0.99774, -0.06523
-1.48867, -0.03382, 0.93388, 86.040, -0.231, 180.967, 0.01655, -0.99747, -0.06906
-1.48841, -0.04075, 0.98012, 85.802, -0.212, 180.987, 0.01691, -0.99717, -0.07320
-1.48815, -0.04734, 1.02708, 85.532, -0.211, 181.029, 0.01762, -0.99681, -0.07791
-1.48788, -0.05368, 1.07540, 85.219, -0.227, 181.088, 0.01859, -0.99635, -0.08334
-1.48763, -0.05953, 1.12407, 84.897, -0.251, 181.153, 0.01965, -0.99584, -0.08895
-1.48742, -0.06484, 1.17145, 84.611, -0.271, 181.207, 0.02053, -0.99537, -0.09392
-1.48724, -0.06975, 1.21818, 84.370, -0.287, 181.257, 0.02134, -0.99495, -0.09810
-1.48710, -0.07414, 1.26432, 84.164, -0.303, 181.304, 0.02209, -0.99457, -0.10168
-1.48698, -0.07802, 1.30811, 83.957, -0.312, 181.329, 0.02248, -0.99419, -0.10528
-1.48685, -0.08164, 1.34940, 83.722, -0.313, 181.328, 0.02244, -0.99375, -0.10936
-1.48674, -0.08498, 1.38881, 83.471, -0.310, 181.302, 0.02196, -0.99327, -0.11370
-1.48663, -0.08783, 1.42538, 83.210, -0.306, 181.268, 0.02134, -0.99276, -0.11823
-1.48652, -0.09026, 1.45954, 82.945, -0.305, 181.254, 0.02106, -0.99221, -0.12282
-1.48641, -0.09262, 1.49309, 82.668, -0.309, 181.259, 0.02110, -0.99160, -0.12761
-1.48629, -0.09469, 1.52480, 82.379, -0.322, 181.270, 0.02123, -0.99094, -0.13261
-1.48618, -0.09578, 1.55145, 82.113, -0.331, 181.279, 0.02132, -0.99031, -0.13721
-1.48611, -0.09596, 1.57350, 81.879, -0.334, 181.280, 0.02129, -0.98974, -0.14126
-1.48605, -0.09599, 1.59327, 81.644, -0.334, 181.279, 0.02123, -0.98916, -0.14532
-1.48602, -0.09601, 1.60611, 81.459, -0.335, 181.273, 0.02110, -0.98868, -0.14852
-1.48601, -0.09601, 1.60988, 81.363, -0.335, 181.261, 0.02088, -0.98844, -0.15016
-1.48601, -0.09579, 1.60981, 81.319, -0.302, 181.228, 0.02038, -0.98834, -0.15093
-1.48602, -0.09513, 1.60922, 81.297, -0.222, 181.166, 0.01953, -0.98829, -0.15132
-1.48603, -0.09428, 1.60763, 81.291, -0.156, 181.114, 0.01880, -0.98829, -0.15141
-1.48606, -0.09350, 1.60437, 81.294, -0.142, 181.094, 0.01850, -0.98831, -0.15136
-1.48610, -0.09265, 1.59387, 81.325, -0.140, 181.090, 0.01843, -0.98839, -0.15083
-1.48617, -0.09172, 1.57512, 81.394, -0.140, 181.089, 0.01842, -0.98857, -0.14963
-1.48624, -0.09081, 1.55288, 81.489, -0.135, 181.079, 0.01827, -0.98882, -0.14799
-1.48631, -0.09008, 1.52971, 81.595, -0.121, 181.050, 0.01781, -0.98910, -0.14617
-1.48638, -0.08945, 1.50254, 81.725, -0.097, 180.998, 0.01700, -0.98944, -0.14392
-1.48649, -0.08846, 1.46911, 81.897, -0.080, 180.945, 0.01613, -0.98988, -0.14095
-1.48665, -0.08697, 1.43042, 82.104, -0.081, 180.906, 0.01547, -0.99040, -0.13737
-1.48683, -0.08520, 1.38531, 82.356, -0.108, 180.880, 0.01497, -0.99100, -0.13301
-1.48707, -0.08291, 1.33486, 82.642, -0.152, 180.853, 0.01443, -0.99166, -0.12806
-1.48735, -0.08004, 1.28403, 82.927, -0.192, 180.811, 0.01364, -0.99230, -0.12314
-1.48767, -0.07690, 1.23378, 83.203, -0.230, 180.751, 0.01254, -0.99289, -0.11836
-1.48804, -0.07331, 1.18211, 83.484, -0.272, 180.675, 0.01117, -0.99348, -0.11348
-1.48845, -0.06876, 1.12902, 83.773, -0.297, 180.599, 0.00983, -0.99405, -0.10846
-1.48890, -0.06335, 1.07503, 84.066, -0.296, 180.535, 0.00876, -0.99460, -0.10338
-1.48938, -0.05711, 1.01927, 84.356, -0.265, 180.483, 0.00794, -0.99512, -0.09835
-1.48990, -0.04989, 0.96278, 84.658, -0.213, 180.432, 0.00716, -0.99563, -0.09309
-1.49042, -0.04213, 0.90754, 84.988, -0.165, 180.366, 0.00612, -0.99616, -0.08736
-1.49094, -0.03399, 0.85285, 85.347, -0.120, 180.282, 0.00473, -0.99669, -0.08112
-1.49147, -0.02517, 0.79855, 85.734, -0.073, 180.182, 0.00308, -0.99722, -0.07439
-1.49200, -0.01588, 0.74679, 86.128, -0.031, 180.089, 0.00151, -0.99772, -0.06752
-1.49255, -0.00634, 0.69743, 86.518, 0.001, 180.014, 0.00024, -0.99815, -0.06074
-1.49316, 0.00417, 0.64781, 86.938, 0.028, 179.953, -0.00079, -0.99857, -0.05342
-1.49374, 0.01457, 0.60285, 87.337, 0.046, 179.902, -0.00167, -0.99892, -0.04646
-1.49423, 0.02342, 0.56644, 87.654, 0.051, 179.850, -0.00258, -0.99916, -0.04094
-1.49467, 0.03146, 0.53459, 87.912, 0.051, 179.793, -0.00358, -0.99933, -0.03643
-1.49506, 0.03859, 0.50903, 88.109, 0.047, 179.736, -0.00458, -0.99944, -0.03300
-1.49526, 0.04312, 0.49673, 88.206, 0.037, 179.684, -0.00549, -0.99949, -0.03130
-1.49528, 0.04520, 0.49543, 88.231, 0.020, 179.638, -0.00630, -0.99950, -0.03087
-1.49528, 0.04638, 0.49569, 88.243, -0.013, 179.590, -0.00715, -0.99950, -0.03067
-1.49527, 0.04682, 0.49681, 88.247, -0.056, 179.554, -0.00780, -0.99950, -0.03060
-1.49526, 0.04687, 0.49900, 88.247, -0.090, 179.543, -0.00803, -0.99950, -0.03059
-1.49521, 0.04519, 0.50738, 88.173, -0.114, 179.543, -0.00803, -0.99946, -0.03188
-1.49504, 0.03992, 0.52838, 87.951, -0.132, 179.548, -0.00797, -0.99933, -0.03575
-1.49478, 0.03273, 0.55688, 87.668, -0.148, 179.561, -0.00776, -0.99914, -0.04070
-1.49449, 0.02568, 0.58549, 87.414, -0.163, 179.581, -0.00743, -0.99895, -0.04511
-1.49415, 0.01775, 0.61646, 87.154, -0.172, 179.610, -0.00694, -0.99874, -0.04966
-1.49373, 0.00871, 0.65315, 86.861, -0.183, 179.654, -0.00621, -0.99848, -0.05475
-1.49326, -0.00072, 0.69554, 86.539, -0.203, 179.710, -0.00527, -0.99816, -0.06037
-1.49274, -0.01075, 0.74363, 86.180, -0.239, 179.773, -0.00422, -0.99777, -0.06661
-1.49214, -0.02161, 0.79848, 85.782, -0.288, 179.850, -0.00299, -0.99729, -0.07355
-1.49153, -0.03190, 0.85500, 85.390, -0.325, 179.939, -0.00152, -0.99676, -0.08038
-1.49096, -0.04088, 0.90883, 85.033, -0.339, 180.037, 0.00013, -0.99624, -0.08659
-1.49041, -0.04902, 0.96253, 84.686, -0.347, 180.147, 0.00200, -0.99570, -0.09261
-1.48986, -0.05622, 1.01585, 84.366, -0.349, 180.268, 0.00405, -0.99516, -0.09818
-1.48930, -0.06281, 1.06791, 84.080, -0.350, 180.387, 0.00609, -0.99465, -0.10313
-1.48871, -0.06909, 1.11932, 83.819, -0.323, 180.509, 0.00823, -0.99415, -0.10768
-1.48811, -0.07472, 1.16991, 83.588, -0.258, 180.636, 0.01053, -0.99369, -0.11168
-1.48754, -0.07953, 1.21844, 83.398, -0.207, 180.752, 0.01262, -0.99329, -0.11497
-1.48702, -0.08373, 1.26514, 83.245, -0.200, 180.850, 0.01433, -0.99296, -0.11762
-1.48655, -0.08723, 1.31096, 83.158, -0.201, 180.939, 0.01585, -0.99275, -0.11913
-1.48613, -0.08997, 1.35395, 83.089, -0.204, 181.011, 0.01709, -0.99259, -0.12033
-1.48575, -0.09236, 1.39322, 82.956, -0.211, 181.066, 0.01801, -0.99229, -0.12262
-1.48539, -0.09455, 1.42988, 82.738, -0.230, 181.108, 0.01868, -0.99180, -0.12640
-1.48507, -0.09628, 1.46314, 82.457, -0.264, 181.134, 0.01901, -0.99116, -0.13127
-1.48480, -0.09764, 1.49232, 82.195, -0.288, 181.142, 0.01907, -0.99055, -0.13580
-1.48456, -0.09887, 1.51904, 82.006, -0.283, 181.141, 0.01902, -0.99010, -0.13907
-1.48433, -0.09992, 1.54390, 81.864, -0.226, 181.121, 0.01880, -0.98976, -0.14153
-1.48416, -0.10064, 1.56422, 81.762, -0.152, 181.086, 0.01838, -0.98951, -0.14329
-1.48402, -0.10104, 1.57934, 81.676, -0.121, 181.053, 0.01787, -0.98930, -0.14477
-1.48391, -0.10129, 1.59033, 81.592, -0.121, 181.021, 0.01731, -0.98910, -0.14622
-1.48384, -0.10142, 1.59607, 81.526, -0.122, 180.985, 0.01669, -0.98894, -0.14736
-1.48382, -0.10145, 1.59747, 81.494, -0.124, 180.953, 0.01614, -0.98887, -0.14791
-1.48382, -0.10145, 1.59711, 81.491, -0.127, 180.930, 0.01573, -0.98887, -0.14796
-1.48386, -0.10143, 1.59291, 81.496, -0.139, 180.915, 0.01543, -0.98889, -0.14787
-1.48392, -0.10136, 1.58308, 81.519, -0.157, 180.904, 0.01520, -0.98895, -0.14749
-1.48399, -0.10122, 1.56934, 81.562, -0.172, 180.892, 0.01495, -0.98906, -0.14674
-1.48404, -0.10106, 1.55371, 81.626, -0.186, 180.879, 0.01470, -0.98923, -0.14564
-1.48410, -0.10081, 1.53420, 81.723, -0.201, 180.867, 0.01447, -0.98948, -0.14395
-1.48416, -0.10029, 1.50894, 81.857, -0.210, 180.851, 0.01418, -0.98982, -0.14165
-1.48423, -0.09953, 1.47905, 82.013, -0.208, 180.828, 0.01380, -0.99020, -0.13895
-1.48428, -0.09868, 1.44361, 82.204, -0.190, 180.800, 0.01338, -0.99067, -0.13564
-1.48435, -0.09743, 1.40316, 82.421, -0.166, 180.766, 0.01288, -0.99118, -0.13189
-1.48448, -0.09559, 1.36172, 82.630, -0.156, 180.729, 0.01227, -0.99166, -0.12827
-1.48464, -0.09343, 1.32029, 82.823, -0.157, 180.692, 0.01164, -0.99210, -0.12493
-1.48483, -0.09080, 1.27704, 83.012, -0.159, 180.653, 0.01098, -0.99251, -0.12166
-1.48510, -0.08729, 1.23192, 83.213, -0.161, 180.602, 0.01011, -0.99294, -0.11817
-1.48545, -0.08301, 1.18555, 83.433, -0.157, 180.538, 0.00901, -0.99340, -0.11436
-1.48587, -0.07809, 1.13685, 83.667, -0.130, 180.458, 0.00769, -0.99387, -0.11031
-1.48636, -0.07218, 1.08714, 83.917, -0.089, 180.367, 0.00620, -0.99435, -0.10597
-1.48687, -0.06548, 1.03896, 84.178, -0.056, 180.277, 0.00471, -0.99483, -0.10144
-1.48739, -0.05808, 0.99134, 84.452, -0.039, 180.190, 0.00323, -0.99531, -0.09667
-1.48794, -0.04975, 0.94410, 84.743, -0.030, 180.102, 0.00172, -0.99579, -0.09163
-1.48850, -0.04093, 0.90026, 85.031, -0.012, 180.011, 0.00017, -0.99624, -0.08661
-1.48905, -0.03212, 0.86024, 85.309, 0.025, 179.916, -0.00142, -0.99665, -0.08178
-1.48958, -0.02283, 0.82262, 85.593, 0.094, 179.809, -0.00320, -0.99704, -0.07683
-1.49011, -0.01345, 0.78952, 85.862, 0.162, 179.706, -0.00491, -0.99738, -0.07216
-1.49067, -0.00464, 0.76120, 86.092, 0.188, 179.628, -0.00626, -0.99765, -0.06816
-1.49129, 0.00404, 0.73621, 86.303, 0.165, 179.575, -0.00722, -0.99789, -0.06448
-1.49196, 0.01253, 0.71588, 86.489, 0.099, 179.546, -0.00781, -0.99809, -0.06124
-1.49256, 0.01962, 0.70054, 86.608, 0.017, 179.524, -0.00828, -0.99821, -0.05917
-1.49301, 0.02516, 0.68808, 86.663, -0.056, 179.494, -0.00887, -0.99827, -0.05821
-1.49338, 0.02973, 0.67885, 86.690, -0.151, 179.460, -0.00956, -0.99829, -0.05773
-1.49363, 0.03244, 0.67433, 86.700, -0.237, 179.430, -0.01017, -0.99829, -0.05756
-1.49382, 0.03317, 0.67336, 86.710, -0.268, 179.411, -0.01053, -0.99830, -0.05739
-1.49397, 0.03314, 0.67342, 86.725, -0.269, 179.399, -0.01073, -0.99831, -0.05713
-1.49404, 0.03285, 0.67396, 86.737, -0.269, 179.393, -0.01084, -0.99832, -0.05691
-1.49406, 0.03205, 0.67541, 86.743, -0.270, 179.392, -0.01086, -0.99833, -0.05681
-1.49406, 0.03068, 0.67774, 86.735, -0.272, 179.394, -0.01083, -0.99832, -0.05696
-1.49405, 0.02781, 0.68141, 86.661, -0.278, 179.409, -0.01058, -0.99825, -0.05825
-1.49403, 0.02352, 0.68656, 86.546, -0.289, 179.432, -0.01019, -0.99813, -0.06024
-1.49397, 0.01893, 0.69238, 86.459, -0.299, 179.452, -0.00986, -0.99804, -0.06177
-1.49381, 0.01301, 0.70035, 86.396, -0.312, 179.469, -0.00958, -0.99798, -0.06286
-1.49354, 0.00571, 0.71034, 86.342, -0.327, 179.487, -0.00930, -0.99792, -0.06380
-1.49334, 0.00107, 0.71673, 86.315, -0.337, 179.497, -0.00914, -0.99789, -0.06427
-1.49331, 0.00050, 0.71752, 86.312, -0.338, 179.498, -0.00912, -0.99789, -0.06432
-1.49331, 0.00050, 0.71752, 86.312, -0.338, 179.498, -0.00912, -0.99789, -0.06432
-1.49331, 0.00050, 0.71752, 86.312, -0.338, 179.498, -0.00912, -0.99789, -0.06432
-1.49331, 0.00050, 0.71752, 86.312, -0.338, 179.498, -0.00912, -0.99789, -0.06432
-1.49331, 0.00050, 0.71752, 86.312, -0.338, 179.498, -0.00912, -0.99789, -0.06432
-1.49331, 0.00050, 0.71752, 86.312, -0.338, 179.498, -0.00912, -0.99789, -0.06432
-1.49331, 0.00050, 0.71752, 86.312, -0.338, 179.498, -0.00912, -0.99789, -0.06432
-1.49331, 0.00050, 0.71752, 86.312, -0.338, 179.498, -0.00912, -0.99789, -0.06432
-1.49331, 0.00050, 0.71752, 86.312, -0.338, 179.498, -0.00912, -0.99789, -0.06432
-1.49331, 0.00050, 0.71752, 86.312, -0.338, 179.498, -0.00912, -0.99789, -0.06432
-1.49331, 0.00050, 0.71752, 86.312, -0.338, 179.498, -0.00912, -0.99789, -0.06432
-1.49331, 0.00050, 0.71752, 86.312, -0.338, 179.498, -0.00912, -0.99789, -0.06432
-1.49331, 0.00050, 0.71752, 86.312, -0.338, 179.498, -0.00912, -0.99789, -0.06432
-1.49331, 0.00050, 0.71752, 86.312, -0.338, 179.498, -0.00912, -0.99789, -0.06432
